User	Recall_up	APLT_up
A0072041HVZ3465DXUOR	1.0	0.7593649584731896
A0081575F2F9XQSSIYA3	1.0	0.9426606569755731
A0638585LHS5R1XDIOGY	1.0	0.9881402737428424
A1006TXWG76H0N	1.0	0.40750350772980387
A101N4D8PRU6N5	1.0	0.927735240847018
A101PYPZ8ASKCV	1.0	0.5710168488841444
A101RMTZ93J1KH	1.0	0.6144930336589539
A101ZIBYVW0GVS	1.0	0.9098800930889135
A102H31T5V0LLN	1.0	0.7417710039306334
A102H3QWRBVJ8E	1.0	0.8332642559321983
A102NRMHKF9NK0	1.0	0.9773398155100381
A103DHU1X6VC9T	1.0	0.6489825272643958
A103JAVZC8NLT7	1.0	0.9241556559928646
A103U341AE3HO4	1.0	0.9693689652100911
A1041053SID37WN8GTT8	1.0	0.8299040748826213
A1045NW0WUEBP8	1.0	0.6376637961237228
A1049BXR3MAWT4	1.0	0.9709462052161667
A104MLZZ7X1OTT	1.0	0.8699185876326468
A105188E1HFWRX	1.0	0.7511566981177712
A10613AZVJSR1F	1.0	0.9035655085684583
A1063L1ALPA9WZ	1.0	0.8710091390731121
A1063WNMC368BK	1.0	0.8843026373116298
A1068Y432OYVO5	1.0	0.9380477814250326
A107OPFJV11RKO	1.0	0.7300317708791445
A108SSM7YMMTOM	1.0	0.9164421833956148
A108VA9MZYBXZ6	1.0	0.8053452415433074
A10ADY0N5QKCHQ	1.0	0.8362704892611842
A10AJ9LBWE2ZZR	1.0	0.9628854460582497
A10AKE9TAADHVV	1.0	0.9785931967434359
A10APFU4SBMAM1	1.0	0.84449096001455
A10BGN1SAE8HUZ	1.0	0.8779554858784403
A10BPVP9KH5T7H	1.0	0.8839994916259288
A10CJINP7KBR4W	1.0	0.9310418815641249
A10CWQ7T5ISAY7	1.0	0.4481712909863203
A10D50UBEF3NUF	1.0	0.7523184025166583
A10DB0H2NZF11E	1.0	0.8279681062877898
A10DGSDAXA7CWL	1.0	0.924018352354778
A10DNCYK7YISHU	1.0	0.9884933630842935
A10DYTGIWV3RJZ	1.0	0.825388624292153
A10FF2N0620M20	1.0	0.9576682150853401
A10FRUJV17R7TG	1.0	0.813505371731365
A10GLPOIZCO7OR	1.0	0.7653434032565302
A10GX7U2KREVF7	1.0	0.9064652879787863
A10HGE7LJ8EQA8	1.0	0.9664486169378143
A10HI6RKXJ611W	1.0	0.49023456799322224
A10HW478V6TK33	1.0	0.9116081031039253
A10HYLEXS1Z9TV	1.0	0.822646550250983
A10I3TSBEZU81L	1.0	0.8076118641565971
A10IUBKSGQN1X3	1.0	0.9329096887027988
A10J78G7DQ8EIH	1.0	0.9321941971526247
A10JVQLK7XUDSP	1.0	0.8306096961426406
A10KCGSDJJAVRO	1.0	0.9665393572772337
A10KHX41ONY4U1	1.0	0.6808499050399853
A10LIO72DWUSOG	1.0	0.927825300605568
A10M2LB7QCD3QQ	1.0	0.8999946044262294
A10M3N61M2T6ZX	1.0	0.7842689682217376
A10M52OJSDB8WK	1.0	0.9021715760677742
A10NPPQEOF8QN6	1.0	0.861874174861529
A10NVL1XVSA1BO	1.0	0.8429824166364465
A10O64OADRXQ9F	1.0	0.9655746992567784
A10O7THJ2O20AG	1.0	0.8956740490788948
A10OA1HIB6D3NT	1.0	0.6887659451102089
A10P0YENEXUSF	1.0	0.8574511422005313
A10PBSZYM32QA0	1.0	0.9661862679357827
A10PEXB6XAQ5XF	1.0	0.9154310401745779
A10Q1RJCPTRAM5	1.0	0.8982369731648049
A10R89MCR9M8XI	1.0	0.7841636670456315
A10RGW04GM7E7T	1.0	0.8068740059552605
A10S4UO5V413Q5	1.0	0.5935932289964027
A10SHV4WGB9TFN	1.0	0.9541204462698638
A10UMIIKKL8WTB	1.0	0.8559616251950688
A10UTU9R2B8RXX	1.0	0.9628854460582497
A10V1VCUHN05UF	1.0	0.7758888636494071
A10VCPP8YCE1QY	1.0	0.7657910505373073
A10VKSW290R2U7	1.0	0.95686742639854
A10VNJ0B66F2T4	1.0	0.8228605509246986
A10VPT5FXVQHDN	1.0	0.9015473878726118
A10VZCRBK21KX7	1.0	0.930432802980884
A10W1KVOWEGIW9	1.0	0.7802363860532259
A10WH2W0AGHR92	1.0	0.7999848817278772
A10WNL4KTJVMX4	1.0	0.9075763566092052
A10WXSYW4VIDZP	1.0	0.8432324451551454
A10X28FN19BYTP	1.0	0.8343272430209344
A10XJR7CWHNKWU	1.0	0.7930837205317159
A10Y51AWCJFFNG	1.0	0.8329831247168895
A10YBR8TO794IN	1.0	0.768777860224102
A10YDFT4DUCT3Q	1.0	0.8539456748882943
A10YG5BXSCPD91	1.0	0.8953842501607384
A10YHHXK6OKAMA	1.0	0.6649965507255847
A10YO8RU5NYH5F	1.0	0.8965613451355101
A10YOR88DV58RY	1.0	0.9104185300645055
A10YZQWE2SRH0S	1.0	0.8543928857719522
A10ZCV84M070HB	1.0	0.9255159823378919
A10ZJ94ZZ2V2HU	1.0	0.9658212520544376
A10ZYNNXE6NVGB	1.0	0.6290429677436498
A1103HZO438MW6	1.0	0.7989998572312186
A11205K3MBNJ5G	1.0	0.8452626913262282
A112EXGPYBT397	1.0	0.6988643315516995
A112H9ELSHRI7Z	1.0	0.6879712333557287
A1130B9F6WOF5V	1.0	0.9202543302768545
A113MBE1S51VOY	1.0	0.9654800892528805
A113N1RNN1ICCM	1.0	0.8110160191293317
A113WL9FCZHX6J	1.0	0.8879316178256698
A1145359J63JJU	1.0	0.7465598441349389
A114LRC6WGCGT8	1.0	0.8320046578079523
A114ROI4MRZRQL	1.0	0.5799196761166593
A1153B4E390KB4	1.0	0.9176214168277975
A1153CUC3CM81E	1.0	0.9435260834458208
A116UI9G1PGUF3	1.0	0.9333467019837467
A117JFDHDIOZ0T	1.0	0.9242739972587901
A117RJ6J5CO53D	1.0	0.8399827114134767
A117WAVHO1WAIE	1.0	0.5376592136578462
A1188LXSJLEP1C	1.0	0.9762805474856849
A118A49ORGNEUM	1.0	0.9762805474856849
A118DS9ZFT71KR	1.0	0.846263829292695
A119CXGZX8XAXF	1.0	0.9716027625234024
A119Q9NFGVOEJZ	1.0	0.9550955226489638
A11ABVVMLDISKQ	1.0	0.8678388022254092
A11AK63DN89V4T	1.0	0.9644208212285273
A11B9ATI5JM9D5	1.0	0.6468235555679405
A11BQXTMP37M2S	1.0	0.9650327122707167
A11C3NN8UYQZTS	1.0	0.9543484206028952
A11CBJQ1Q3AXZ0	1.0	0.9006773398560544
A11CMZNI2GSFQ0	1.0	0.8949998737418173
A11COSIBGWX2NA	1.0	0.9478230788252793
A11D7PJDW9U0P6	1.0	0.7798826238078786
A11D9SBVAH1ZRT	1.0	0.8866869061071343
A11E6DOG7XNI4U	1.0	0.8409740473221154
A11EF8QS25OKE4	1.0	0.9328212500404329
A11EPK2YPTYF04	1.0	0.858064879665513
A11F8B8GQURI84	1.0	0.8515287674898923
A11GHMHGS7LOME	1.0	0.8338065743850557
A11H4858QVJU6V	1.0	0.7082685142627828
A11HJBRK5K97NU	1.0	0.7541793639029172
A11HL3KDL0S0AJ	1.0	0.9113281282288384
A11HTP5KHB6DRG	1.0	0.6531919125922887
A11HXVC8Q42MYX	1.0	0.9504206045948548
A11II6XE7QK4YG	1.0	0.8207678007992535
A11J1O3GB7EHPV	1.0	0.8349581521131538
A11J2Y0T99QKT4	1.0	0.7590277328234043
A11JD0XQT59Z9A	1.0	0.8279473182072613
A11JDI2EQ7ILT1	1.0	0.6290510952882138
A11JG67M81455N	1.0	0.9625861151915145
A11JTCOUI4KA00	1.0	0.7846356738288036
A11K6ZA75VFHQ2	1.0	0.9144374089230346
A11K92H0PWQM8H	1.0	0.43929959198489216
A11KK4KKCKDBN3	1.0	0.9157767535429197
A11KOVAKQWQ3RF	1.0	0.8600798456255473
A11L90R7RWJA8H	1.0	0.9290855377695646
A11LWLNC0HRJ1E	1.0	0.5971291892907579
A11M4JSYHFSDSD	1.0	0.768827284333069
A11MI5QN5FQKZX	1.0	0.8682902680463694
A11MV1WAIEYKK0	1.0	0.9428166110890623
A11N3OBQ69FWWS	1.0	0.9470512879903151
A11N5EIBFNH936	1.0	0.8609812736132341
A11NCMBVWN14KD	1.0	0.9005706397934065
A11NDWMJ7Z00DQ	1.0	0.9054060199544331
A11NTG9OG579O5	1.0	0.8982794446946797
A11O9498XEQIFL	1.0	0.6931264749173064
A11OLC55JKVHZ6	1.0	0.7152097836121264
A11P853U6FIKAM	1.0	0.9308964808589684
A11P8ZZN2NRL27	1.0	0.3956897624017442
A11PCCW8F7V0DA	1.0	0.9706867125719976
A11PGPG6G22P63	1.0	0.9327948845427739
A11PJCJCFNC3TP	1.0	0.8834189067177726
A11PSEDPRWZLDV	1.0	0.5054028696394159
A11PZF0AFPX954	1.0	0.9478401653005117
A11QEEP1RLWYLJ	1.0	0.9140591428167596
A11QTEA0XNK0WW	1.0	0.928513903789744
A11R5VW7IM6ISQ	1.0	0.947919050998554
A11R9NNOZVDPYE	1.0	0.7192740543039657
A11RBRTGTFP8UR	1.0	0.5067250526131322
A11REAKX5WJPN6	1.0	0.9407773585276722
A11RTR3WEPQ4SJ	1.0	0.9281608144482929
A11RU2YNML78P1	1.0	0.9362766146270904
A11S5SJ4KLRKAY	1.0	0.7089774383163414
A11SJ95F1M5V0E	1.0	0.9241129623586759
A11T0NV25XI3Q3	1.0	0.7063383509953332
A11ULK0UKDPG5A	1.0	0.9794661019862652
A11V480VOKXYL2	1.0	0.8913319391475232
A11V6R6WZ5ZQV2	1.0	0.8792218520642098
A11VCFQVTLCT2P	1.0	0.8738502116786431
A11WKAAI427Q9F	1.0	0.8763786121292703
A11WRYVFRBAMHH	1.0	0.9475554358171087
A11YPBVPFU60I1	1.0	0.8502259337098649
A11YPD2K8RNLPQ	1.0	0.7906303298574524
A11YRHINAJNUQJ	1.0	0.7429879835631771
A11YS6Q5WBYEM2	1.0	0.8111849697883434
A11Z33J6ITM95Y	1.0	0.9398507230380709
A11Z63K3NL54FR	1.0	0.8167530602792242
A1203Q0HWECJXU	1.0	0.6746449237601896
A120BPRX233DLL	1.0	0.8857344195297351
A120DADS9WILNI	1.0	0.8852471309117308
A120ITIFVFMRAH	1.0	0.41469656464603427
A120J0FG7G2M03	1.0	0.9763246088118345
A120RH58WVY4W6	1.0	0.7984075379970201
A120UTHQDQIJGH	1.0	0.9284192937858461
A121B1GMDFNLZT	1.0	0.7709422083942001
A121KXLT6YNMVD	1.0	0.9730334840828678
A121YOBIYCK443	1.0	0.9458410197706176
A12262I9IFUXOU	1.0	0.9320703416662106
A122JXJ1C3FOK3	1.0	0.6604248929309149
A122M9OTS6OZG4	1.0	0.9288416424570547
A122V5E39HOBVT	1.0	0.40969451125483963
A122YCXCDMNEY9	1.0	0.7062823676039764
A123M8XAG2N1EC	1.0	0.9223119072782395
A123OGWBI8VY0H	1.0	0.9533205659355517
A125C05ZANRWIH	1.0	0.8321893865361059
A125I6OBGX1VI8	1.0	0.776516109865506
A125TOTORKFL77	1.0	0.944600186498725
A12603RIXOK43Z	1.0	0.9216072147153991
A126IYYRJJ2II1	1.0	0.9609697067241683
A1271GA869M8WL	1.0	0.7293557270485773
A1273JVIBZ7ZAN	1.0	0.905564184477626
A12752HRLFJZKW	1.0	0.9161372188574799
A1278GIG53M1ZO	1.0	0.4651813499922772
A127J9FX0WHW5N	1.0	0.9694445321716648
A127VBECPX56EK	1.0	0.681194502902301
A128TXRFZ3RD0I	1.0	0.9556442890405316
A1296VZUHO5Z7C	1.0	0.24800681387537862
A129OLBUNY7JE0	1.0	0.8458235586569518
A129W8UIO4S4ZV	1.0	0.9240538608826043
A129YBX5BVNW2	1.0	0.8897910113055326
A12A5BDY05TNK4	1.0	0.9124400697128469
A12A64LDH5KM1D	1.0	0.7897728208787907
A12A7Q3DHAI6AY	1.0	0.9012348764562759
A12AHK0NQ5SQHH	1.0	0.9530439837797724
A12APT2687RMBA	1.0	0.9140169846356078
A12AQXZKBO2TRJ	1.0	0.8444829020296142
A12AVR3WJ4TS9R	1.0	0.8518260774616199
A12B03CXYCIOS9	1.0	0.819475620977744
A12BELSFNX8OWN	1.0	0.9327948845427739
A12BWPP04M9H01	1.0	0.945204670576699
A12C0V1WFJG3HB	1.0	0.893618111653845
A12C1OTJ37UUG7	1.0	0.9632904355461714
A12C4QAMJKTH2M	1.0	0.9103273468370898
A12CKBDGPDAPCZ	1.0	0.9281608144482929
A12CNEHGD0IKC	1.0	0.974114631031491
A12DGP4ZVB5HVA	1.0	0.7356117368251252
A12DJTR73MEX5V	1.0	0.7859490456554359
A12DZNX8QKMPMC	1.0	0.8707431551220318
A12EGIBE31CTRF	1.0	0.863626563620433
A12EJDWH8Q0ANH	1.0	0.9240366434614375
A12FLMSWRKK2IK	1.0	0.9011557721399295
A12FNCO2EMGC4F	1.0	0.7432812952713875
A12FTWXYUQOYZ7	1.0	0.5284186726229048
A12GEAY6HQDN2A	1.0	0.6878512800599773
A12GIOKE26ZFKJ	1.0	0.504926427057495
A12GTQCAFJH4S7	1.0	0.9502580322159533
A12H1XPAOVM33Z	1.0	0.7620439198629086
A12HED9SBIGZMD	1.0	0.4016912271147665
A12HQAAW3BAMM9	1.0	-0.17545790187950178
A12HUV1ZXKYBS1	1.0	0.7163755196193498
A12IEZKBTY6BXO	1.0	0.635854668223159
A12ITAQP0MINGU	1.0	0.8916610355108441
A12JRNM9BI1P5I	1.0	0.8879217707968419
A12JRWEFKRBX2G	1.0	0.8536883443988426
A12K0DMPCGV9AK	1.0	0.8352227751844618
A12K1E8F4UO91H	1.0	0.7950928000452337
A12K7VXR6DZP4X	1.0	0.37439943993493924
A12K8D2J6FM9UC	1.0	0.6504598287268576
A12KC4IDE1EWA0	1.0	0.7817884834234439
A12KG1WB97PFC7	1.0	0.7159483186831925
A12LECE952JVMC	1.0	0.19587678955795093
A12LYQQMZI2GT5	1.0	0.9090754320284588
A12NFK3VGMQYVB	1.0	0.9555496790366337
A12O70V2MD6PA	1.0	0.5695229825756201
A12OBSR7TM3HLV	1.0	0.9517989153906065
A12OSNTDE2U22V	1.0	0.4371336887670648
A12PBCOTS54DZY	1.0	0.34483235180849175
A12PWC358D76IZ	1.0	0.6861884379775962
A12R3PV76NQKXG	1.0	0.7383558541621221
A12R3YGEHW7D8G	1.0	0.7608159999572356
A12R54MKO17TW0	1.0	0.9178153499587136
A12RPVI3AHS71O	1.0	0.925442312516434
A12S6E9FW9SCF2	1.0	0.9466785368447399
A12SHWVHDCMJ8F	1.0	0.7503772905672037
A12SSZIN555FTL	1.0	0.8163161580199048
A12STRRDU5518T	1.0	0.7714631119510472
A12TNACB4ATBN6	1.0	0.8064190716519747
A12U6X8I5RA374	1.0	0.9616214571710592
A12U9NUCEQC4EL	1.0	0.9737277362258759
A12V3ULISM3YZY	1.0	0.8355402905425108
A12W8NRSYR593I	1.0	0.7535359781852984
A12WD3UC67644H	1.0	0.5452690227933736
A12XB3KZ91KJM8	1.0	0.9662386190900734
A12XFLHBQUHD6R	1.0	0.8984616872201984
A12XZ6VT9XMFNE	1.0	0.7523721583157169
A12Y9O2BQ352N8	1.0	0.8942837310790858
A12YSL105S4TF2	1.0	0.563112004459762
A12YY5VZU96FPV	1.0	0.5987459282995029
A12Z4MTMIX08EM	1.0	0.813173312385302
A12Z5S9SWA6LUF	1.0	0.9040648816483212
A12ZN88K2F3BND	1.0	0.8799882014242165
A12ZOYVPF83JOL	1.0	0.9352127514582154
A1303KD3DN2ULA	1.0	0.7611076520985319
A130D9RN5DF0X8	1.0	0.9160760508586282
A130UYKTNW9NVD	1.0	0.8136739589394871
A1313X6H8C6YKJ	1.0	0.93138317190334
A131E9IR67XE4I	1.0	0.9025334076183329
A131WEOLG7Z4GB	1.0	0.943089970470502
A1324E4GE3NDF0	1.0	0.8258495702390835
A1326CKJ4FZLG4	1.0	0.9570262949306199
A132BB2YKR0VEO	1.0	0.8791320904797995
A132HDSAZWQVH7	1.0	0.7447731027225271
A1338CTYKENQ4W	1.0	0.9643270669928309
A133BCPLRZLPM8	1.0	0.6883482361462746
A133K24AMGYEUQ	1.0	0.8652202321145447
A13465BNUF8L5A	1.0	0.8853203777186802
A134WU6PV3QFSW	1.0	0.8378207544580015
A1352I3HWDQCZH	1.0	0.9580736883555829
A1357F4E3JL6IR	1.0	0.9112501880541584
A135GWMXMTR58Z	1.0	0.8850286956452011
A135YEES0VGUFA	1.0	0.44939085687820385
A136ERF5XBAI3K	1.0	0.8172111648915269
A136L0YFRFQ7FK	1.0	0.9618680099687185
A136MAOWGCU2C2	1.0	0.865891958466617
A1374RLDD5VINW	1.0	0.8362422452923403
A137E12T6T1K0J	1.0	0.9059079580930188
A1389KR6XUSSFY	1.0	0.9706867125719976
A138HQQKDY777Y	1.0	0.6209663515168082
A138L6F0DX6ANI	1.0	0.9312385286959131
A138OV06K0LN4L	1.0	0.916902002420732
A139I0PZ1KWKLB	1.0	0.8036413630229418
A139SITGV3LVEV	1.0	0.9212189882973099
A13AW7HQFCISU2	1.0	0.6714624921064575
A13BFEAT5JMY72	1.0	0.8179433760459476
A13BNI2CCMYYEO	1.0	0.6996429659689906
A13C0ZZZ51TF8Y	1.0	0.9516910469548123
A13C6NTJ3HO0FX	1.0	0.8714537887124741
A13CJWSNJE7A5	1.0	0.9604675791428081
A13DO8H7EYTQP4	1.0	0.9850132811985298
A13DZA3VOGESOL	1.0	0.8350231004241475
A13EEI6YVFIUC5	1.0	0.527408539787757
A13ELECMKI1SK9	1.0	0.9507831343517175
A13EX80RTESZAX	1.0	0.8549484082685455
A13FWZR3XY1YZ3	1.0	0.7906927401388193
A13G2LMKA9GVMM	1.0	0.8004029634558184
A13G348WU1CBB2	1.0	0.705064512289044
A13GFPB9VWNJL0	1.0	0.8951681345876902
A13GSTXF4KTK38	1.0	0.9481363408842479
A13H2NQ1T0KRLD	1.0	0.8828404454683692
A13H6T6UP3JTK	1.0	0.6029670038492116
A13HNMTM5YIZ0E	1.0	0.8631930921317144
A13HO1F4SW568P	1.0	0.8821089161113266
A13I71VUZWIG97	1.0	0.7668057879269884
A13J2LBEVBL5BG	1.0	0.9140839610697061
A13JHNJCH5C516	1.0	0.9131765055091466
A13JLKVSDR10V2	1.0	0.7264800292674249
A13JU88JAHN72I	1.0	0.03012705125580599
A13JZW84U5J38N	1.0	0.9210131417158043
A13K329645VHFP	1.0	0.831903412162394
A13K6TQY61ANEF	1.0	0.8645508680633602
A13K7F8BHA6ZPX	1.0	0.7604954273375838
A13KGVM2TYKM5D	1.0	0.7247114694449189
A13KHYZU3A8LUO	1.0	0.762130930496536
A13KND5A7ZRR8K	1.0	0.9164246512622009
A13KWRJIHQGRU9	1.0	0.9558728141813393
A13KYZ1GZO9TLZ	1.0	0.9659209727274463
A13LOX8C7UZDXO	1.0	0.8507142266514028
A13LQXSU90UCWS	1.0	0.9557388990444293
A13M6EBQGREPH5	1.0	0.8142810571385584
A13MFXK6S7VG37	1.0	0.826008914723598
A13MGCVPCAB8ZO	1.0	0.8186900523263742
A13MMZZ5X26YFR	1.0	0.6278483456120448
A13N40YR6UZFRW	1.0	0.8362822188469088
A13NRL82GSVEA2	1.0	-0.17885199020333337
A13O7AKTOM0HIT	1.0	0.8900253825101846
A13OHA3TD4MY9I	1.0	0.9152657342245256
A13OOKYFQ5AFQY	1.0	0.6892033177662763
A13OYPEGL3GLIV	1.0	0.6139795659135227
A13P1NARX7021U	1.0	0.9039919146073114
A13PIOQDI11PT4	1.0	0.676885534617713
A13Q7A1UWMNUU6	1.0	0.9600749057797946
A13QHTH0DH8T3N	1.0	0.9234067836757738
A13RAH7G4SJMGT	1.0	0.953183402140181
A13RE01422J8ZF	1.0	0.738663107022087
A13ROLNBEAWSJ0	1.0	0.9617017110217931
A13S3XXRWQ9RUU	1.0	0.7650990428049192
A13S8J17XPU8KC	1.0	0.8903880349493943
A13T4T3QOSII3I	1.0	0.8728862832673447
A13TIDD3K3YNX0	1.0	0.817726008357782
A13TT7KG2NR06U	1.0	0.718727933300424
A13UFV2NWMQZ6B	1.0	0.7679977382270273
A13UPVEPGI0N5H	1.0	0.8030577573459836
A13UQNMCNE8LPG	1.0	0.8552879495285084
A13UVIRCFI957R	1.0	0.9653722603804121
A13V3FA0M60JQM	1.0	0.23893807952879761
A13V9YX9H7FTWD	1.0	0.9199638926691265
A13VA31QZNQV34	1.0	0.905390712341752
A13VA861R3LY0H	1.0	0.917225811512407
A13VB1CJEIP9U8	1.0	0.8595502064205431
A13W21QNU4YG7X	1.0	0.7571121367380149
A13W3I1EKG43IA	1.0	0.6919770625346809
A13WKWE2WW7SDE	1.0	0.5933635968871129
A13WOT3RSXKRD5	1.0	0.9655293892696281
A13WSSJDOPY6AP	1.0	0.7191456594357422
A13X93M7A4HGW	1.0	0.7398939644001225
A13XGH1V3BQPJI	1.0	0.8914355204759598
A13XSFKDUZ7ZAT	1.0	0.9249830103752333
A13Y9UJLVV51HD	1.0	0.8040872279719107
A13YFN0HFTZM6I	1.0	0.9032330891390414
A13YY1I96IILBK	1.0	0.8475037749433209
A13ZE9XWRQPPYC	1.0	0.8498009919218897
A13ZFI6V1AEGSN	1.0	0.7824519607047217
A13ZWM2VNQYJQI	1.0	0.9551192087906565
A14024NE0FPVFJ	1.0	0.8580839280491767
A1403WA977FR1X	1.0	0.9297807989962925
A140C84ZOOM6SK	1.0	0.6936774447530942
A140UIFWAJ4NGY	1.0	0.8900251266924204
A1413HQ9UF22C5	1.0	0.8444133379448845
A141AFHJXWWQDN	1.0	0.8855338301924586
A141DA1U38BDQD	1.0	0.8831750941499291
A141MHWWA53T2P	1.0	0.9043545023576007
A141RPYRYU3YB4	1.0	0.44478383756791645
A141UB9PJ9AYOY	1.0	0.7884333427386453
A141UVGJ1PNG8V	1.0	0.9380988382900272
A1428LMVH96D9E	1.0	0.8479269904793241
A142HAT43L5W4W	1.0	0.7838146046036335
A142IMGA9IQOP8	1.0	0.024130268381801205
A142ZD06HDY9YZ	1.0	0.9708787113389954
A1435P5AMCPB3X	1.0	0.9317375762483555
A143B8QOF29J15	1.0	0.9048189888040834
A143W70ZMXRUGP	1.0	0.7723653798288856
A145532VYJP16C	1.0	0.5960699212664047
A145LBW8ZHF0TW	1.0	0.946304790130234
A1467QB8PAVKB1	1.0	0.9343542358412679
A146D8WS9EERVX	1.0	0.4634735321609974
A147A3URZKE5T7	1.0	0.9107745660225072
A147W9G6HJB20N	1.0	0.8949002756884887
A148D0QCF0R8ND	1.0	0.9078316011496154
A149DRNAOQQ1IU	1.0	0.7786505969986723
A149OMBY2C23GT	1.0	0.8512129928561982
A149XUJ3L1Z22U	1.0	0.8723327606165293
A14ARO74HI5JCH	1.0	0.8967776125868069
A14B4MJ7KZE63B	1.0	0.9553619566231905
A14BFXBM8N27KH	1.0	0.7936757044691423
A14BOQH9MGNDAD	1.0	0.7746652011140065
A14BTBACZAS8YP	1.0	0.9733865734243189
A14C63AS3DGV7H	1.0	0.9474793255315399
A14CO0565RQIFO	1.0	-0.18884473375554736
A14D3E0WBRER4S	1.0	0.6681229220774138
A14DZY6S9MLJB0	1.0	0.9064052717416484
A14EA9WQPSOKMF	1.0	0.3954561050214543
A14EGVE4GP5A5P	1.0	0.9570643968338566
A14EI4LTAKUP28	1.0	0.775611301152985
A14FG5LHH1EAP6	1.0	0.7514410118374131
A14FP7F9Q4Z6XV	1.0	0.9525610949713698
A14GK0E64J0WAS	1.0	0.9194285457684831
A14HJUZSJMAR1T	1.0	0.5568436545419152
A14HORNFIKS1G5	1.0	0.7410857951999118
A14HW9VKU9YO2M	1.0	0.9589322039725304
A14IDB11RP5RFB	1.0	0.8298974223287005
A14IQQERCBD5TR	1.0	0.9104185300645055
A14IR9RLR1UCYG	1.0	0.9419095568209901
A14IX752FC3VIB	1.0	0.9340186666271528
A14J1HS2YY41YW	1.0	0.571521364098302
A14J32QTM8VVYX	1.0	0.9242041978783608
A14JMPNXZUP8W8	1.0	0.7220832829987432
A14KEJHC1GLU0R	1.0	0.9202569115516104
A14KG1TTL381YP	1.0	0.7148960589012191
A14KILTHUR5X5B	1.0	0.9017664495558881
A14KKPF7KEDEIV	1.0	0.7216827120278098
A14KSCRYKZLMSF	1.0	0.9480536375245578
A14L2ZKF864EBK	1.0	0.8870132571840361
A14L9HJHMWBTJ8	1.0	0.6691915382198349
A14LQ35BO0PUZZ	1.0	0.86138010081138
A14MBWDHZ580GW	1.0	0.8309430963336424
A14MLVUQUF48V4	1.0	0.94164052525345
A14MTBEQDV9OTG	1.0	0.8033971637383941
A14MVG2I9PS6NZ	1.0	0.6609892637821404
A14N4G2LODIA20	1.0	0.9390194021577809
A14N8PEDDHAWEN	1.0	0.9221035463799131
A14NOY3K9QSSM2	1.0	0.6820765891317714
A14NQRZINPR9VL	1.0	0.8899024260852059
A14O3WAWY01YON	1.0	0.9625861151915145
A14O4ZB7ZF7GFV	1.0	0.891742384253323
A14O8ELDJ361E4	1.0	0.8945502699745278
A14OKOZW0PDTAD	1.0	0.7893378819381639
A14OUE2A44HFEP	1.0	0.8124601440222722
A14QJDH2XH0VDD	1.0	0.873373804412808
A14QYJCEVTO06J	1.0	0.9766336368271359
A14R4RJYB8BVG2	1.0	0.8423141652851852
A14RCZXAW50QR1	1.0	0.5495111236502458
A14RFYCWLPBEK3	1.0	0.8990635989944881
A14RHXVJ0UVNEZ	1.0	0.9140036622618708
A14RS7173TTG2E	1.0	0.7680584146641207
A14SGXD8VCKDV4	1.0	0.5349714123537714
A14T3IEJX18CNZ	1.0	0.9596894012193777
A14T4AL9QQCAJE	1.0	0.9075069895371457
A14TE5UGFDZK48	1.0	0.831428684120697
A14TN9U3CVWJS7	1.0	0.792103802552951
A14TPAQE906TGM	1.0	0.4073529814858999
A14U48LO3NBU7K	1.0	0.9355957461945945
A14U6KWVX399BZ	1.0	0.7858913978699136
A14UPFLKGT9PPL	1.0	0.760467898105445
A14V45H2TR74MV	1.0	0.40655857809158225
A14V9AX2JYR3ZR	1.0	0.8474268213375857
A14VN1YPC1VE9Z	1.0	0.24410071116400775
A14W1VNMMYLWND	1.0	0.9140339671548247
A14W2WUIW7WFOT	1.0	0.9779167707206893
A14W8HXP3RM3ZS	1.0	0.6299915949876684
A14WNGN6PAF2LN	1.0	0.9403741883963167
A14WQ4DAIQV1TW	1.0	0.9658212520544376
A14X278KWM1Q2W	1.0	0.8165017038285969
A14XE5VURD9K91	1.0	0.947072477715373
A14XNOLCTQNRRA	1.0	0.806013121736924
A14XT5GHSYRBPH	1.0	0.5169880038745124
A14Y48GBNSJK1V	1.0	0.826167245371224
A14YEY0A5O9CYA	1.0	0.9011689478570204
A14YTPQDH3PAZU	1.0	0.937736508635967
A14YZ43JUA3ULY	1.0	0.7204769379644897
A14Z05P0G9OS4Q	1.0	0.9398313206976547
A14ZFVXT1U63LL	1.0	0.7945002293140713
A150QS4IZB3XJ	1.0	0.9626315618652183
A15105Y7IL1FO9	1.0	0.9575736050814422
A151ALZEDZW8J0	1.0	0.9507230952605007
A151UYW92BU99V	1.0	0.9354633435662144
A151WZEN3TO6C6	1.0	0.9634705790478953
A151XW5VF8U6PK	1.0	0.40699217361627416
A1525AAU8NBV0P	1.0	0.9099443822781743
A152M3AJPHZILD	1.0	0.9202543302768545
A152MUFMEF5D2R	1.0	0.8878744107053586
A1534MBU6VJXYN	1.0	0.9092126818045868
A1536UA1IGQQ5S	1.0	0.8642086977448572
A1537KCD6LBWGI	1.0	0.867605938374896
A153OTHBFLY65L	1.0	0.9044942122841889
A1541J3UO9QT11	1.0	0.9773398155100381
A154G4OD9636NE	1.0	0.9072034693054596
A154IJ2MRT7TYY	1.0	0.6423289727781278
A154JXT49EOVMS	1.0	0.9140209032184781
A155E9KOWIEM4J	1.0	0.9227708874831692
A155GOCIH4719P	1.0	0.8435823015501531
A1562HJU5V2L09	1.0	0.5890923935304376
A15641JEH08X9B	1.0	0.9005145872212293
A1570ABVYHMM3H	1.0	0.7990303515921838
A157FOVSYCNC94	1.0	0.8993766328141142
A158LSOWXW6NIO	1.0	0.9102836201352366
A158SD74MLYAUN	1.0	0.8610576608790993
A158US790397BD	1.0	0.9209681225852441
A159D3JKGUEEL0	1.0	0.5748474448163873
A159HUSCHB7U9X	1.0	0.892632125260281
A159LJPRD7CVF0	1.0	0.809981234631031
A159NEYWIVXSBH	1.0	0.950373299592906
A15A0G4ZK7RGY4	1.0	0.983222373636668
A15AA7MB9XN2S2	1.0	0.8642086977448572
A15AG0QZPNMX8D	1.0	-0.0724068539474518
A15BE53AKQWQ9M	1.0	0.8326275270564111
A15BI9H6M74O1G	1.0	0.8612669900288255
A15BYSOAD61SS3	1.0	0.6907098414764596
A15BYU97X10H6I	1.0	0.9239644085081945
A15CHAZT4CLEKW	1.0	0.9411709469838311
A15CORWW2C1YZA	1.0	0.7122587610485487
A15D7BCFU3X099	1.0	0.903982293259148
A15DJQ5XRHFKMN	1.0	0.8213395277810478
A15DTVYFPH5HY7	1.0	0.8053506612022012
A15E7T4Y0BAV2L	1.0	0.69366698403857
A15EDU86RNB2FC	1.0	0.8917115876602628
A15F0X7UOLWKT4	1.0	0.9426911725059014
A15G91837FM3DI	1.0	0.974092752107221
A15GBKY0IPZJI3	1.0	0.9669552489061214
A15GJHFWFW9H0B	1.0	0.9650990903397486
A15GW1L8G3IS7A	1.0	0.9151472101628843
A15H41Y6ZGZHCJ	1.0	0.9676495204376833
A15HAMEOLSWR7A	1.0	0.8306728603413601
A15HFUE89SBPFN	1.0	0.9158170416152245
A15HI1HDAU7SPR	1.0	0.9067147568525218
A15IFDUA6D146Q	1.0	0.8382472499773278
A15IQIRIKF6XV4	1.0	0.9191464751954639
A15JCU6SFHYE35	1.0	-0.1792212910748673
A15JTJXQXO22JJ	1.0	0.8711431941673808
A15KDBQRMZKU34	1.0	0.7377504686676792
A15L3YG75B23R8	1.0	0.797364824238824
A15LK8DSFQZZ52	1.0	0.9399259307015526
A15M1ZKE7QTKJO	1.0	0.8757648459431528
A15MQ93X80JQIY	1.0	0.9519728301989685
A15N0UNDRL6JNX	1.0	0.7392058726102122
A15N4CJ4MCES2B	1.0	0.9546796310200761
A15NGTV9ZG6SMJ	1.0	0.9848932103400253
A15NPZAX4Y6UVH	1.0	0.9422333050509221
A15OPTY0LXQBCF	1.0	0.18756298405237617
A15OXG4V7IK2D9	1.0	0.9278661709278702
A15P5IQ38FWP4X	1.0	0.6870213273459154
A15P65TDN9E29P	1.0	0.9595083617667803
A15PAOIJTZFZ52	1.0	0.9003213496139763
A15PCZV9BTLIYK	1.0	0.5802051730538614
A15PPKJ7LIGBQA	1.0	0.8030813964975899
A15PYCET4XH22X	1.0	0.8471376703096567
A15PZXBU8JJDZJ	1.0	0.8339516652888678
A15Q16V5S80MYD	1.0	0.9019190618829541
A15QB83LF2RYS3	1.0	0.9486078528856506
A15QIOYBVGRY2M	1.0	0.7960821162157343
A15QJBXUODK1L6	1.0	0.8548723500694155
A15QMT4ZH3JOBN	1.0	0.9509190687319669
A15R58K0ID46A1	1.0	0.6710314182435112
A15RFV2VPBG6SD	1.0	0.8770275421758297
A15RG40GPY0EAE	1.0	0.7974097575486487
A15RJ25YWRBPLX	1.0	0.7235471441768299
A15RSJ0VPZJUS1	1.0	0.9401449267721255
A15RZZ6Y93VJP6	1.0	0.7431807501624466
A15SZ440TMFVOD	1.0	0.6361117561774828
A15T3Y3BL2AJ9V	1.0	0.835851064060809
A15TH2FKVFFD9F	1.0	0.8673283267654073
A15TW6Q143GKXF	1.0	0.9429016078212825
A15U24MJALYI5E	1.0	0.9510095174531017
A15U64VGUV6RBF	1.0	0.909277012715615
A15U6XL10JB17H	1.0	0.9488322051386208
A15UYUILIS8BIY	1.0	0.8739929964956722
A15V5JBZKQRFWA	1.0	0.6759588187979775
A15VFMU0WO8ED2	1.0	0.9005100741760672
A15VH1KKF18YXZ	1.0	0.7206020855258848
A15VH7AWS9ZIJK	1.0	0.9582797837643443
A15VRTFQ6FCU5Y	1.0	0.6732054469398776
A15W13KZJWA55F	1.0	0.9551192087906565
A15X94O7P8E3E8	1.0	0.9559230259671304
A15XLRMA218Y5L	1.0	0.5765462231544581
A15YP6BPJ32B84	1.0	0.950080744172554
A15YRXWU5RF4T8	1.0	0.8755151010140295
A15YTTEFO06YG2	1.0	0.8183873970538086
A15YZWK4JZZQ6S	1.0	0.9340186666271528
A1603FPMAX4P12	1.0	0.867314589369571
A160NZXRYJHZA	1.0	0.8160380052708179
A161A2BZ58MUNJ	1.0	0.6684001451556936
A161A749AT8LCW	1.0	0.8335753926526045
A161JEBJGAM0RP	1.0	0.9267092952459391
A161YNFD7PPO5H	1.0	0.94073433301384
A162BNPOODLKC7	1.0	0.8469950399702904
A162UMFMW8GQ08	1.0	0.8304688362117604
A1646JI2KLF16R	1.0	0.7706738209716678
A164I8PTUF4F5P	1.0	0.9444207806435698
A164MUV0XN5ZMJ	1.0	0.9231121008960096
A165P3MOJV3OVZ	1.0	0.8153439585073738
A165S83IIXO82I	1.0	0.7323706375754337
A16698QAGQER6U	1.0	0.9579257652587706
A166J29OC15TNO	1.0	0.9684686733181443
A166UAU3E9GYIU	1.0	0.9104648809086546
A167IVEYZYP7T0	1.0	0.6944262189807684
A167KI3P7XN1AM	1.0	0.8925297193071111
A167XT46396JZ4	1.0	0.9210655884096423
A167YV3TZWT89S	1.0	0.8611385939261786
A168AALR3BOYR7	1.0	0.7869324477565203
A168HEYJPLWHI8	1.0	0.9082408925397276
A169LM6CRCNBVR	1.0	0.7361653585371972
A169ZYI77GT1F3	1.0	0.7703149610312191
A16A8YS26E4QO	1.0	0.15105088094771474
A16AI3MVA4EC3V	1.0	0.6329304024857405
A16AIS5JYR85VP	1.0	0.9576682150853401
A16AKSTCEJZIBQ	1.0	0.6936534733458694
A16ANUYO0VRESI	1.0	0.9470724777153728
A16B9B96UEJY3	1.0	0.7828918898844989
A16BPVZUE1PBVZ	1.0	0.9580675774583504
A16C36MT3UYYQW	1.0	0.9615676986963433
A16C4WEP3NSNWL	1.0	0.8728556221501518
A16CZRQL23NOIW	1.0	0.9556442890405316
A16D5KAE502V26	1.0	0.9155328304467706
A16DD6PPPWJZVB	1.0	0.6968549374639303
A16DHIHCNVXN6K	1.0	0.8760684240020148
A16DZN15E1HXDQ	1.0	0.8190444567572385
A16E3JYBOQT0HQ	1.0	0.9495528663703352
A16EAKILNT8A0E	1.0	0.6699324825092753
A16F4PCL0U6UG4	1.0	0.8786098901885164
A16FDYP0NXEWP8	1.0	0.9171671585142515
A16FF6XI97ULV6	1.0	0.9116081031039253
A16FIU1IDOY7N2	1.0	0.940932136788139
A16FLR8RL8UCTT	1.0	0.4809985173010617
A16G04KHMDWMP3	1.0	0.7862643424006068
A16G4VN9SG79VY	1.0	0.9424151806155641
A16G8LLLHG0SNI	1.0	0.9244168883699329
A16GQJ85KECGO0	1.0	0.9510257198010921
A16GRSXYSRLZDJ	1.0	0.9755560046091216
A16GT71NL6RABO	1.0	0.9014466450724028
A16GXY6CCE7J0P	1.0	0.5998406898575617
A16HH3NKUX5P9J	1.0	0.723039613948735
A16HM5IJDLDQOP	1.0	0.872081717252778
A16HVS82TTNBVY	1.0	0.9363695318442071
A16HYCX57SH6P2	1.0	0.6593522481000942
A16ITYYOPBBP2R	1.0	0.8793035356600922
A16J2QYUOCXRFS	1.0	0.9195351586737843
A16J3S3TCTA01Q	1.0	0.948087600536688
A16JXN9K1PA3IS	1.0	0.9308655685018632
A16JY8KIL0B7T0	1.0	0.6497698244372562
A16KIOU8ZKNRBP	1.0	0.9419095568209901
A16KNAE37HRB0E	1.0	0.9802337895714041
A16KZ5CC87FT4M	1.0	0.7077507083611374
A16L5RY2OKCGXE	1.0	0.821149079933857
A16LGDCB96MCNW	1.0	0.724109658769037
A16LL87A55LU2Y	1.0	0.9431503044651365
A16LV2MK30GX1J	1.0	0.7106794354421785
A16M6AZ17OD24Q	1.0	0.9586328731057953
A16MA0MLXWVMO8	1.0	0.9321732842905469
A16MEFR4IL3CW1	1.0	0.975512859900546
A16MJP50C00BHC	1.0	0.8790873392825754
A16MJXJW3JELFK	1.0	0.8025910122767224
A16MK76K1LD6AQ	1.0	0.801362742455383
A16MMPW5DKVSAK	1.0	0.9715596178148268
A16MXI6KRMZVMC	1.0	0.8468118691783817
A16MXRFTZHDYRD	1.0	0.8529602460231194
A16N1CYW332MUJ	1.0	0.8938520780367778
A16NIPNMDRJJNE	1.0	0.6915768017150431
A16O9C43IK8SLW	1.0	0.8596920007288195
A16OM4JF3BOW4O	1.0	0.7479923339022221
A16P000CBOHP4N	1.0	0.8282856578313291
A16P4I5IWMMLUE	1.0	0.9527503149791654
A16P4QHHIYXG3U	1.0	0.9516734652540888
A16Q4RTRFNUDEH	1.0	0.9593390517886975
A16QI8XW5VAV5P	1.0	0.9286005328900064
A16QJ649N8PRV	1.0	0.9706867125719976
A16QKKXT4M8HOJ	1.0	0.8598475926663204
A16QLPR1MSQ39U	1.0	0.8746038314438795
A16QP9QABBI3Z3	1.0	0.7109460560696195
A16QT1UU5JQ817	1.0	0.9655746992567784
A16QX55I5FUTP0	1.0	0.7953992674099554
A16R56VGF6JJTE	1.0	0.3803728689276169
A16RLYAF8E4D29	1.0	0.809847381888411
A16S5FX3Z55Q0X	1.0	0.6580019487632046
A16S74C6MG6ZWO	1.0	0.3420665199642277
A16SA3CROCFWDJ	1.0	0.9772754493815294
A16SM2S1O3DVF4	1.0	0.775457837381406
A16SN6YH5OWHIF	1.0	0.9384976792797404
A16T3KMKPG7MGQ	1.0	0.7763624840502993
A16T4Q4Q5GKH7A	1.0	0.8555313262932432
A16TNDV3HFYDC8	1.0	0.9655209407820625
A16UEHUIY3K8O	1.0	0.8917057823113007
A16V6BIR7MC0KC	1.0	0.7865063693896873
A16VL4NRDFCVEL	1.0	0.8991139634408364
A16VSDB5WP0SNV	1.0	0.8944943981034311
A16VVCUJFLYU5E	1.0	0.8344741158151117
A16W8HTCIWYDZ6	1.0	0.919643776421369
A16WOGOY3FI1Q3	1.0	0.9049635926581063
A16WRHKAP2Z2W1	1.0	0.9149019892572274
A16WYE9FSA4ABO	1.0	0.883874362818582
A16XJCQNSH91RR	1.0	0.9230991410080264
A16XOX8LCI1IPE	1.0	0.015479623219862591
A16XRPF40679KG	1.0	0.7838004010479649
A16Y2YA4N8N10I	1.0	0.658243285918644
A16Y3EEKDYQ0QF	1.0	0.8812573262561826
A16YX74GX4YUOI	1.0	0.9178862052216844
A16YZJAHMOTC6B	1.0	0.9008750510486876
A16Z3HTUIYPDH8	1.0	0.8614955194102752
A16ZIRKIPEOYWC	1.0	0.9239825350300666
A16ZIY7J87ZFZW	1.0	0.8550038815346794
A16ZS3AK509CVQ	1.0	0.8753737493151847
A1700RFCTEJRKE	1.0	0.8808909188539029
A170IAUE1B6I1B	1.0	0.8168864178194467
A170LMKJ3N4K65	1.0	0.918230404232046
A170QM825KM60W	1.0	0.9697864206800508
A170UXQQ56AHO4	1.0	0.8078940999884433
A170WXEBQA6G0B	1.0	0.9193639996361395
A1718L78QHNDXV	1.0	0.6081371262839166
A171B3B9Y3SZ3E	1.0	0.6563146694288007
A171YB9DTH0Q7H	1.0	0.9768737519710279
A17233YWQA8A0B	1.0	0.9689672677995895
A1725VCIM8OGTH	1.0	0.900971808672014
A172K1EEHIRZF	1.0	0.016982053410793337
A172LQ1IIJ6PWR	1.0	0.9383983059587957
A172OF5914NS1Z	1.0	0.9367961518655707
A173RNRO9C8YJN	1.0	0.006788216194380251
A1740XSDBJICXX	1.0	0.8432679740366844
A1743H3S2U50AU	1.0	0.946304790130234
A174HDO4JOE6QJ	1.0	0.9312054149820584
A174JGV7GQK5SS	1.0	0.9409120308727628
A174OF4RODMT15	1.0	0.9716027625234024
A174RGI2M3KHI1	1.0	0.947234938278179
A174ZAJY9Q416B	1.0	0.6390887260661864
A1752XLIVYPQ90	1.0	0.8702931401382517
A1757GR6ZJQPOD	1.0	0.9518722930842732
A175NJU7HO0WUY	1.0	0.9620773280929061
A175XO0EGGLWV1	1.0	0.927287880332344
A1765VTND9YKW0	1.0	0.8516636371671006
A176CTTWJJ92YZ	1.0	0.8752463443080163
A176KKTKYNQ78O	1.0	0.4128912726726025
A176T7TKR5YF66	1.0	0.9078303403426417
A177GXY165OHYB	1.0	0.9699558593079949
A177QNV2L6OOTX	1.0	0.9429462021754593
A177XBNQ3ZPBBI	1.0	0.967504015297689
A17814AD8EWTN4	1.0	0.947126236190089
A178HIK8JQ0CR8	1.0	0.8345336394759258
A1796ZL3QK1T0N	1.0	0.8185566878236349
A179LM6ZIWOHUW	1.0	0.7651186167789379
A179SPC4TGCWK6	1.0	0.8102573362210717
A179V8CM140GJ	1.0	0.5454110759674765
A179VM8L9HRO8Y	1.0	0.14409829267790963
A17AJP86VB3S0D	1.0	0.9113831880849609
A17AYAGZ7NLCT9	1.0	0.9200651102690589
A17B6IPLJ964N0	1.0	0.8410481363537403
A17B6RQF693UGJ	1.0	0.9476631697866542
A17BKQC4M62W3Y	1.0	0.788599265616254
A17BUUBOU0598B	1.0	0.9527074483431474
A17C55H4UDKJXY	1.0	0.9285640130594661
A17DC2PVOEXWS2	1.0	0.7551566178223482
A17DDMGKA8LG7I	1.0	0.9339487625710249
A17DJOKXN66RFN	1.0	0.8394935225945961
A17DM2HIOIXAB8	1.0	0.7110056899419137
A17EC2VMGJ1VMV	1.0	0.713857452163682
A17EEESAUY8E84	1.0	0.8785918025837307
A17ES8NSTOBD1G	1.0	0.9176402122241227
A17FDFSQ1OLOUN	1.0	0.8368960072771289
A17FFQTRJ4JHZ7	1.0	0.9802337895714041
A17FK2OMX8N9DN	1.0	0.9587387241967557
A17FOL3Q0C4GRK	1.0	0.8691460131741987
A17FQKNYEX2A2H	1.0	0.15137698427564306
A17FZV7TQABN5K	1.0	0.8613756945804466
A17G4B1XLQH2BP	1.0	0.9248884003713355
A17GJQ705AVJD5	1.0	0.562914637958863
A17GNIQXTYCCZK	1.0	0.7566767641242873
A17GYJ2Z4QNGWX	1.0	0.8422709597063
A17GZM1CH5XCU9	1.0	0.7636569648919296
A17H0848XMVGBP	1.0	0.8196544128333033
A17I5Q0E7MD2M6	1.0	0.8975704121188748
A17J8BG0SY8BSU	1.0	0.8898790243780628
A17J91PKRJR8TU	1.0	0.9018084484849207
A17K3J3BL3RESS	1.0	0.9684686733181443
A17KVY5ZWRWQ3R	1.0	0.8659820926699104
A17L5JZ27X8YIU	1.0	0.9614624810386527
A17LU2UW3VWN60	1.0	0.9623195158159377
A17M7W86I9DBTR	1.0	0.8410095800932746
A17MBLP80LHTED	1.0	0.9625861151915145
A17ND5Q5UY5XH4	1.0	0.8513491137091928
A17NVKCLLV38X8	1.0	0.8824007382001781
A17O92TEX955HN	1.0	0.983222373636668
A17OPOE7FVEMO5	1.0	0.9490038077158407
A17P2XG2KGWXR	1.0	0.8014139206294206
A17PCA6AWGMH35	1.0	0.9441003954388387
A17PD121RDXWJW	1.0	0.811260700402302
A17PDCKHEDCV3U	1.0	0.7499872894082431
A17PH3CJW86JL1	1.0	0.9665393572772337
A17PPC5BAQBZHT	1.0	0.9123757906890642
A17PYHGXFB0UI0	1.0	0.5707556840711531
A17Q9WM4DLY19O	1.0	0.9392197520186505
A17QIQZ7XCPHNM	1.0	0.9407013687142123
A17QM445WC0D7S	1.0	0.7451379092128969
A17R75VICAODNJ	1.0	0.5864233410618513
A17RC90N6A89ER	1.0	0.6830893802003268
A17RF4B2MMGPDG	1.0	0.8066213132915744
A17RG760KGUSFB	1.0	0.8092614997850929
A17RJ4TEQYE2TA	1.0	0.9746399546577167
A17RML53GUFTK1	1.0	0.7953744989599495
A17RR247113I1G	1.0	0.723356192293699
A17RU14JUAI9O0	1.0	0.9002570422957613
A17RVIY9UDEUHE	1.0	0.6406710763949346
A17S4P54BP55AH	1.0	0.9467698531747816
A17S7SRMJG5EAL	1.0	0.7721099436514836
A17SCIVXYC43R1	1.0	0.8922741531641523
A17SFE7JX95TOX	1.0	0.8055479396784502
A17SOUAJA0DQ6Z	1.0	0.7946198215147607
A17SW3WL2KBG4Q	1.0	0.7299362904943711
A17T31MATDFSIG	1.0	0.7988522095845575
A17TZBASPXE4YR	1.0	0.9589859624472464
A17UHQKLSDYJGT	1.0	0.3044575489806867
A17UPLAXDLMKXZ	1.0	0.7382043319175355
A17UVVC97AZCC3	1.0	0.8783204127035537
A17UXXQRJUD0I4	1.0	0.9657109849676511
A17V499ZKRG6PO	1.0	0.849515968323289
A17W4G9VRF8XR5	1.0	0.8630742350397732
A17WFG27EX0OIF	1.0	0.9624573829344973
A17WQ1OXZGPDQ4	1.0	0.32914983620465776
A17WSHUENMBCH6	1.0	0.9274416428452228
A17XF5YJQVZ6C9	1.0	0.898903172719659
A17XMU0EQKY20Z	1.0	0.8620150581375057
A17XUM65K6BLXC	1.0	0.7766705691773382
A17Y465UXZOJE3	1.0	0.9206079779677208
A17YF2SZQBKW78	1.0	0.30302597801127695
A17Z9QGYK16B0I	1.0	0.9289133439753443
A17ZGZHO81XVC2	1.0	0.8106450230205464
A17ZLO2I1YULU3	1.0	0.9266379530225828
A18053BJE60FEA	1.0	0.9089415067180834
A1807597GWBX2L	1.0	0.9392625426501706
A180AIG9XAXU9B	1.0	0.9845401209985744
A180FU2CKWJD64	1.0	0.9233447748294018
A181B3A7K55H0H	1.0	0.9791140744792204
A181LXR15O6F8N	1.0	0.9809592230105539
A1820MF7SGB6U6	1.0	0.6785271377357839
A1829A05KM55Z	1.0	0.913763212261554
A182F9QHQGWQWC	1.0	0.9352460700030173
A183A7K0KUL7DS	1.0	0.8707681721844618
A183IA8NZE9PKY	1.0	0.6903383960423216
A183THTONNNESL	1.0	0.9504732456054136
A183ZFBRPLRHPZ	1.0	0.899034856429656
A184PC2REGOQQX	1.0	0.8656619837887451
A186SYJ56RFQPG	1.0	0.8131532895932398
A18758S1PUYIDT	1.0	0.91802703546445
A187U1JJF2QCE4	1.0	0.014761063975146847
A187UA1N5VKOJW	1.0	0.7917901847027741
A188C80FPVN4AD	1.0	0.5741041949372254
A188CFA5QF9N0P	1.0	0.45309155894755926
A188F3JGOBEZX1	1.0	0.9007601056104069
A188SL509LOTBY	1.0	0.9349169716947119
A188UBOTBBWAU3	1.0	0.954105384292151
A18A0QSQ7AH0SJ	1.0	0.5661655226322893
A18A3UVA3GXTN4	1.0	0.44476889600324565
A18AV3VUBPLV82	1.0	0.9562684415456538
A18B5QL328E02A	1.0	0.7025340147119765
A18BF26F8R9EZ5	1.0	0.9452769179687427
A18BJWN5T3X4HP	1.0	0.7594198927945169
A18C1TPFP9K0SI	1.0	0.9517856569587102
A18C92XEG8X1TB	1.0	0.8136547588549019
A18D3YC9NTGU1W	1.0	0.7828674239001738
A18DRS5D8L2WCG	1.0	0.8841630436814315
A18DTIHHITNLNC	1.0	0.924018352354778
A18DTQ8W65WGN5	1.0	0.9074391251011245
A18E0OQ2QQ68A1	1.0	0.9834193440719844
A18E89JP3HVIW1	1.0	0.5063057786697903
A18G7I8G58RWZ6	1.0	0.9625861151915145
A18GQX0YEY1J0M	1.0	0.7259460686521778
A18GT7UOA49PE0	1.0	0.8965247014649459
A18GUG1OIGBICC	1.0	0.9221215672563025
A18GZP2AL72E0I	1.0	0.8804605665278981
A18H6KCOM1IPDZ	1.0	0.9232355889473731
A18IBIXD1MWBAR	1.0	0.4538478161844119
A18IK6YI6T3RK2	1.0	0.8540138728400838
A18IROB5G9N6L6	1.0	0.9042876504540084
A18J8XO5A3Z947	1.0	0.9356067345196714
A18JERGLDNJNDO	1.0	0.9862109577019318
A18JW1FVUFTPBS	1.0	0.8745142744211056
A18KSAWKRCXAT6	1.0	0.978098345347231
A18KSW9IFU1RDG	1.0	0.8332917830017501
A18L1DXQCTIYYS	1.0	0.9502580322159533
A18LJ72NBKZ6JC	1.0	0.9336773762879377
A18LKKK7K3CWMX	1.0	0.7636030398782675
A18LOSGUIALRLU	1.0	0.4121603829211368
A18LYA95666ABF	1.0	0.9817885710136992
A18MLLWYY7KDSZ	1.0	0.8062730881594061
A18N7TQO13A3RT	1.0	0.926630635824954
A18NETR2QDJ9KZ	1.0	0.43999558134997924
A18OQ698YLPG3N	1.0	0.5963288544973305
A18P38AAU083CS	1.0	0.7543013833942701
A18PHRALHBLMF4	1.0	0.9492761409694592
A18PQ6K1NX2DKD	1.0	0.8494262826424598
A18PQ95SA55X9C	1.0	0.9090754320284588
A18R2A7XL31RX3	1.0	0.6048464534544005
A18REVWRZ4GA7M	1.0	0.8737243963484885
A18RJR9C7HE0OQ	1.0	0.876254230072419
A18SFK2MWTMKGZ	1.0	0.8513065997505116
A18TQ16JSAXSPQ	1.0	0.9234678293610828
A18UVXWYTULFEL	1.0	0.8925670234924868
A18V2E6MMO8KLO	1.0	0.9026460660142915
A18V98FU1N0D6H	1.0	0.9514087145374712
A18VF9WJ2GAEM9	1.0	0.9181357942281482
A18VFI51X21VWA	1.0	0.6126481756431387
A18VHVC7JXA7H7	1.0	0.9658212520544376
A18VP16PZQO4MM	1.0	0.6119672692393937
A18VR0K9U0KVL9	1.0	0.9632922938744167
A18WAHPUHL2EL4	1.0	0.9036009329583786
A18WIITG68G0NE	1.0	0.9590634360011342
A18WOT2K969A0I	1.0	0.9604623513308662
A18X6ZT4AEYVKB	1.0	0.8628527445949798
A18XU3HSZ5YLQ9	1.0	0.8097669045577794
A18XXW70NTBQVZ	1.0	0.9494903446308144
A18YHETQMIIFAS	1.0	0.9441003954388387
A18YM7R9YC6YCR	1.0	0.9250534881172428
A18YY07FIZZR1E	1.0	0.9374339840650743
A18Z4PYBB9L9RY	1.0	0.6455528543175213
A18ZZM3CPAOD	1.0	0.863107708536041
A1906RZITWT2K2	1.0	0.856422178529547
A190MHP6ZFEG9A	1.0	0.8846605393210485
A19123D9G66E0O	1.0	0.975512859900546
A191TENLLHBXXN	1.0	0.9220127651433871
A191X00EZ9B7X6	1.0	0.8253046045371429
A1923RVDMG9DBW	1.0	0.7291475410591008
A192NXERQ6IPOL	1.0	0.9074953880946509
A192RGIFQXG3FJ	1.0	0.8726687679308214
A1935AASFW1KFA	1.0	0.9487400698239221
A193HLK3Y80KBF	1.0	0.9277017457734631
A193VTXP1OK2VD	1.0	0.9360526864353979
A194GQYVY9HXUP	1.0	0.9553591865701893
A194IBSLJ0M0SD	1.0	0.9250227518284091
A194LHU9ZXVWOF	1.0	0.6768120071759672
A194RQE6C42R48	1.0	0.9234787076001536
A194S9A44OLYQA	1.0	0.5423652305530857
A194UW3WYHTW3E	1.0	0.9690802419971486
A196AGW8T1IPF1	1.0	0.9453524598451123
A196VIT149TLGV	1.0	0.687915238602784
A1977W5K2KQRP8	1.0	0.9284068645777804
A197MNRHT8VT6J	1.0	0.8959958736525682
A197SWXFOOF5U5	1.0	0.590040130351643
A1987U6E87EAN1	1.0	0.9543181885901729
A1987XBTRXZSNZ	1.0	0.8848236315882453
A198M311Q3VRYF	1.0	0.9542112743016725
A198VXVTHHIZJ7	1.0	0.9354633435662144
A199H94E34UA3F	1.0	0.8826081316413066
A199ZK9YUIGQPA	1.0	0.9182832435547221
A19A2H8AWUAM0L	1.0	0.938456858740301
A19AB2CDXB7VPK	1.0	0.8686008402707405
A19AWXDT1BP2GZ	1.0	0.9585041408487781
A19B0AO4E4QE12	1.0	0.7128023390958447
A19B4X3N7VNYMB	1.0	0.9820515874329501
A19BG8L7GWKKFV	1.0	0.7003036295346596
A19BGCY1IFIXQW	1.0	0.8969878627872045
A19D4GEQH3Q5OU	1.0	0.870796971929189
A19DLBU0S995WP	1.0	0.8545426630702241
A19DZKXG2X6363	1.0	0.6386536350594259
A19EB9U34FPJ5O	1.0	0.8450529666037894
A19ED18TV5F2WP	1.0	0.958678319779499
A19EI6WW029LRB	1.0	0.7620210644259608
A19EU77VL3SY2J	1.0	0.7670104869295256
A19F4V98ZVOK7D	1.0	0.8187381451923428
A19F6XX0KK6XZA	1.0	0.7422179575613626
A19FF2FX1B6803	1.0	0.9534715424086717
A19FKZCATE1O32	1.0	0.8702674027753867
A19FLQPGI76PZD	1.0	0.9399697306105531
A19FQKV296JZCT	1.0	0.9266680138273647
A19FSOD58RM1ZV	1.0	0.9802337895714041
A19FYH6NGV35HZ	1.0	0.9142771621463268
A19GBI2PGNXT8I	1.0	0.8877511178321209
A19GGC1RYMILTQ	1.0	0.8666535080089263
A19GQNQLVEAGH0	1.0	0.9520776625586232
A19HYHMG3YYEUB	1.0	0.7571740312009684
A19HYTAPU7POPV	1.0	0.843654146137133
A19IBZGD11Q0XL	1.0	0.8855932789694867
A19IFMZHNUV8C8	1.0	0.8696073298153051
A19IZJ2DDYMXAG	1.0	0.7981593702988083
A19JKNFJXVET3	1.0	0.7690241365313163
A19JOLXS5GF0QW	1.0	0.9167054274019707
A19JVBNLV6DOEO	1.0	0.9421137260800165
A19KCOR3SZBJXK	1.0	0.9575736050814422
A19KR4Y6ETTXXP	1.0	0.5642084396583148
A19KYXYYT9ZEWU	1.0	0.9834193440719844
A19LAY5P7D0D9V	1.0	0.7930168755383944
A19LD41T98WWO2	1.0	0.9349053394277627
A19LR9CIWT5OMP	1.0	0.8153421864533582
A19LUYE04INQRQ	1.0	0.8315578006739028
A19M90OKJSQPCB	1.0	0.9131366237956515
A19MNYNLG794EN	1.0	0.8240807271854963
A19MPP95N5DF9Z	1.0	0.8240832420071743
A19NDNAIQOWX59	1.0	0.8201583009239592
A19NEENFE3MZU3	1.0	0.7303111670471388
A19O5EQJJOJ35M	1.0	0.9412514284909798
A19OC4QQEFFDQG	1.0	0.9436899527794761
A19OFXCY77ASYK	1.0	0.9503951785171759
A19OKRG5IF1J5F	1.0	0.9445853514701739
A19P1TT6W9YWNV	1.0	0.877647440631103
A19P9AE71HHQBA	1.0	0.8604675553724853
A19PAEV5FGUGVP	1.0	0.7465250866140295
A19QMWXXUUTA9I	1.0	0.8151383798545604
A19QYYHY0MJR5G	1.0	0.9491072657123081
A19R4YOL3A1B3W	1.0	0.9063303780495174
A19R8TA0CJUIJ9	1.0	0.7441745844750273
A19RB4P30YNY6	1.0	0.861933578175467
A19SDJ2TSSL8HI	1.0	0.9411007272633923
A19STD3TDHBLCN	1.0	0.8561324088887902
A19SWMX03W9Z70	1.0	0.5245958752988884
A19T99IQBBJMXQ	1.0	-0.17601184426470404
A19T9VM3RDUJBF	1.0	0.9031955122526895
A19TBGPL3KN4AS	1.0	0.8273476464908721
A19TD0Y5EC2VVX	1.0	0.8916819036153883
A19TS53L7W571Z	1.0	0.6436603156659777
A19U1XRK5AKUHO	1.0	0.9523424778843633
A19UR4V63JPOEU	1.0	0.8720468533990093
A19VE07ZRANK6S	1.0	0.9024645019749429
A19VJ2IQLO50G0	1.0	0.79220715010706
A19VNHE20GWVSP	1.0	0.8345824456799313
A19W0439NF94GP	1.0	0.9654421121196672
A19W8QII5ZCYAE	1.0	0.9676682069945296
A19WIPESS552TG	1.0	0.8561324088887902
A19WTUQI42GVOL	1.0	0.8991481682596825
A19WZXTBQP42S4	1.0	0.6309836812617456
A19X5H7EHIYECD	1.0	0.8035968384987083
A19X9HOX9MUV5P	1.0	0.7404700356576525
A19Y23SONFA9UF	1.0	0.9143717721502247
A19YNFIAO5KHGP	1.0	0.8601025059556062
A19YUIP0CFHY8W	1.0	0.5638029589938429
A19ZHYP41X075C	1.0	0.8784796393288933
A19ZJSMBP9UC75	1.0	0.9629392045329657
A19ZKO7I1RKY2Q	1.0	0.794203923628413
A19ZQDF6AVO37Q	1.0	0.893262463685582
A19ZV5VMY9XREC	1.0	0.7286893679940493
A19ZY28GIE1EI2	1.0	0.9238720585198487
A19ZZNXMQ4CQ2M	1.0	0.4849474236774703
A1A008ZY5564VC	1.0	0.8792803674120986
A1A0YOU9P1O0CE	1.0	0.955461919988547
A1A1IHJPPKS14U	1.0	0.9357478992616575
A1A28PNU23HNPR	1.0	0.9694741828677816
A1A2ITZGPNJRIM	1.0	0.9152056167245712
A1A2S2PZM1XZVN	1.0	0.7325749526715132
A1A3AH8DQJR5RT	1.0	0.8052668282138636
A1A3ISSZM251NZ	1.0	0.8019269008261091
A1A3R2SG60TOR0	1.0	0.7447646692045434
A1A4CWU8QZD6QW	1.0	0.8403478806818124
A1A5FHAPYTNF45	1.0	0.8202239302084511
A1A5YT3KZCX2JM	1.0	0.668382156837601
A1A8PBZ4C4FRJ8	1.0	0.9560428250556863
A1A8UGL1ZACBZK	1.0	0.5918284933008321
A1A94GEEBWPG1Z	1.0	0.7247874131770322
A1A9H230IUTY1F	1.0	0.1305040975438902
A1A9ILR82DDD20	1.0	0.9407013687142123
A1A9N783SGQFGZ	1.0	0.9178320032490802
A1A9WJHKBSTI4C	1.0	0.866022504327691
A1A9XX7CM9SPES	1.0	0.7676458287318437
A1AA6YCYJJOWEU	1.0	0.9473763332060984
A1AAS7HUF2NIZY	1.0	0.7983948246885346
A1AAS8CXKBGRMV	1.0	0.7130361208275466
A1AB2MRXB700DF	1.0	0.8975925602067929
A1AB8UEYYDQ4P1	1.0	0.6433926764989082
A1ABOFD6JH60E8	1.0	0.40062774387152417
A1ABPLMGPYR1FK	1.0	0.9051221899427396
A1AD0PPRS02I5F	1.0	0.8349267231698425
A1ADHCTT83EW06	1.0	0.8939543691353695
A1ADYF65DT6P0M	1.0	0.4972468035471688
A1AE30N6T82H9F	1.0	0.8591682979560029
A1AE80ERZTIRE2	1.0	0.8461540863598543
A1AE9LT7THJ0IC	1.0	0.9566465539953605
A1AEQIN2S8WLXZ	1.0	0.9066512599874951
A1AEZV1GTDAGQ7	1.0	0.9340468266905382
A1AFM2B4CZM6TV	1.0	0.9114192892607966
A1AFXI92345RXN	1.0	0.9123188163665994
A1AFYF192BMKLF	1.0	0.9114777980888586
A1AG8DPPTFRTQ4	1.0	0.7474467378138167
A1AGR4GRG0CKIU	1.0	0.9207011559527191
A1AGSQSCIZB1J1	1.0	0.9103723153906428
A1AHIS29D50G9D	1.0	0.7912746090582772
A1AHJBNUYFRRAT	1.0	0.8199993358047405
A1AHS6MFLH4ADS	1.0	0.3977850598305252
A1AIPEA9UHO5ND	1.0	0.8605007545318227
A1AIX5SCPQEBEN	1.0	0.9636531336433884
A1AJ1L51PLRUMJ	1.0	0.7682920524295028
A1AJLQS2B1H8DK	1.0	0.8879256338651548
A1AJLUUSIFSTTP	1.0	0.7887161124663153
A1AJUV4X9LS6AA	1.0	0.9245965569421333
A1AK5MDLIYZC0N	1.0	0.8981417029007939
A1AL15PY5AVFNX	1.0	0.9547352068376527
A1ALGAZYFEA8ZN	1.0	0.9060360922550524
A1ALKVD17JX3E5	1.0	0.8353221354356238
A1ALPL858XSDE	1.0	0.9701577311643644
A1ALU5GF6HPJNZ	1.0	0.7394407758513245
A1ALYBBYCFD7OB	1.0	0.9108634743417974
A1AMAN52V34BR7	1.0	0.7427943667398967
A1AMGTME26U6NA	1.0	0.754528915550346
A1AMPGEFN9R9CT	1.0	0.9501909305409214
A1AMSK0K4C92RK	1.0	0.9083866301413622
A1AMUJB81XGXD1	1.0	0.9638478901699836
A1AOLFJ5TLXVR	1.0	0.9694333313385998
A1AOMTP8YKG9OX	1.0	0.8225492439367692
A1AOQA6MY9FMB9	1.0	0.9043650082974024
A1AOUPRA02ZT0M	1.0	0.8344860073019373
A1AQ50U64HTLEB	1.0	0.8153504712855504
A1AQSIRDMTEA67	1.0	0.8022003277924921
A1AQTXP0YVI55E	1.0	0.7698285950113509
A1ARDJPR68XFYQ	1.0	0.6923722918899167
A1ARH7N0BEONSM	1.0	0.9288117142509114
A1ARPLFACHIK7Y	1.0	0.7789760703745254
A1ARYNFLB83Q1B	1.0	0.8612915590238881
A1ASTHKA9ITRV5	1.0	0.8092425693657148
A1ASYIJZE8TX65	1.0	0.8161298350389236
A1ATS3PBW6WSP7	1.0	0.25403046501312204
A1AUZNSWNXS7JQ	1.0	0.9597617228230912
A1AVTB2FUWLS1P	1.0	0.9655209407820625
A1AWP9KVBRXTWB	1.0	0.8818757874479137
A1AXURXELSK8S1	1.0	0.8672031535945562
A1AY8TQ5Z40HR8	1.0	0.9715596178148268
A1AYCUJJAHYAHS	1.0	0.9046290472414281
A1AYEI2SNFPYES	1.0	0.9881402737428424
A1AYOHDHF8MT1Z	1.0	0.9645154312324252
A1AYOOLU3FEEWI	1.0	0.6866022068309552
A1AYYVBVEZPFJF	1.0	0.7415797541264517
A1AYZQMIG1V8NH	1.0	0.8434223361536981
A1AZ4G4BT10XVM	1.0	0.9723273053999657
A1AZ5SU9513MN9	1.0	0.9148495689887816
A1AZB13KR4PB2Q	1.0	0.9110520530713184
A1AZIUMAD21LEY	1.0	0.9498317143329921
A1AZJXGZWCO0K7	1.0	0.8459497656306194
A1AZTFAGEZ1U2W	1.0	0.9045934631598618
A1B02F1BRQ0ISX	1.0	0.9547250776937799
A1B0OX160OZPFD	1.0	0.8746922008591509
A1B1B68XXFLUGC	1.0	0.9022602269024472
A1B1GP7RU43UL	1.0	0.8503799818560298
A1B1NE7HHX72S0	1.0	0.7082613719269149
A1B1RE5IQTDPD7	1.0	0.9657887774414194
A1B1X9AK218Z61	1.0	0.9112399910240255
A1B26TNQEWHQ4K	1.0	0.9770255248370244
A1B2B09AHZJABF	1.0	0.9008750510486876
A1B31OQO27LKS3	1.0	0.8516818983572727
A1B385BQ55YZXL	1.0	0.9316839311527189
A1B3DN72K7TUD5	1.0	0.9580736883555829
A1B3EZV78XJHM6	1.0	0.7471039732081219
A1B3PHS51MRZME	1.0	0.9047212393201323
A1B42F44F7DZVN	1.0	0.9090754320284588
A1B4CADYM3CHIX	1.0	0.9768306072624524
A1B4K33R2NJ6B7	1.0	0.9440723446096037
A1B4O5WHA46ZGL	1.0	0.8286237710012625
A1B4YLYSWMYKO6	1.0	0.6406040388222444
A1B57G1D9KLJLH	1.0	0.810749233586001
A1B5B0ROX7CNEU	1.0	0.8939717445091926
A1B5HLE5JQ90A2	1.0	0.8903015209989502
A1B5L9AG1GB2MT	1.0	0.9012210688171917
A1B5XG3E2KLOAN	1.0	0.9246311514192441
A1B6EO2ATRO642	1.0	0.6548344341637528
A1B6VXEVDRMU7W	1.0	0.9608931084242962
A1B6XX0JIQ664H	1.0	0.6364538321586771
A1B70XT2ZYGMYQ	1.0	0.5580419418778083
A1B7HAGLMFUNOB	1.0	0.8302863768236539
A1B7R4FDTNQZWE	1.0	0.9103109980481829
A1B7X5FLX1B9HU	1.0	0.5097979813708212
A1B83UBQPE7VRI	1.0	0.9622549047743335
A1B85J2V26BITR	1.0	0.955461919988547
A1B8J0V94FEWP1	1.0	0.9266975163339656
A1B8SK28Q5FKC3	1.0	0.9055880053548304
A1B8US60MAG8N4	1.0	0.5770470271642789
A1B93CJF1UOUMV	1.0	0.571701031889957
A1B9LEMJ5EFWO2	1.0	0.8792666911923238
A1B9WAQ28F4PZ3	1.0	0.9451241890695503
A1BA11NUIYKO9C	1.0	0.668500717707632
A1BA8IDDOPXKJG	1.0	0.9155185012627907
A1BAJJ3J9B56VJ	1.0	0.6530099757218052
A1BAQTCRQ3CMV1	1.0	0.9743512314447742
A1BAY96ZC4005L	1.0	0.6852608599639977
A1BAZSHD67PTWO	1.0	0.4470824129710239
A1BB5NP2P2HEYA	1.0	0.9464673625091357
A1BBEW7YNZ4CIZ	1.0	0.9039322023707179
A1BBPRN4F9OXBY	1.0	0.8854042495885792
A1BCW0B3C5GNCA	1.0	0.7894949534549511
A1BE6SWJLXSOU	1.0	0.9550955226489638
A1BEMCWM1TKEXO	1.0	0.9505976566773398
A1BERCE19OOQGI	1.0	0.8528362559536181
A1BFH3J6KUDVU0	1.0	0.9319135525836367
A1BFMWEWDIHU1L	1.0	0.6258050524436441
A1BGOR13TRKLV8	1.0	0.672543340510938
A1BGYKNCGGMMZ0	1.0	0.9579147678829992
A1BGZ6FPTMOCWV	1.0	0.3777020025574725
A1BH6T6NJ51F8Z	1.0	0.6066392354365421
A1BHJOOMABSY81	1.0	0.7522534524775659
A1BHOGVJERDEOU	1.0	0.9053702403347513
A1BIBNY8ID4MWE	1.0	0.9809399682543062
A1BIUVDKH5IBYW	1.0	0.8646082281318611
A1BIXQNNHPV6PK	1.0	0.7022092156619516
A1BJJIH318FBX5	1.0	0.8258495702390835
A1BJL34PAVGDOB	1.0	0.9071933818888231
A1BJVP2I3E2IHO	1.0	0.9651503147221987
A1BK1YJN4XHW5K	1.0	0.9150770877536966
A1BK4N6SDJACLG	1.0	0.8291799080217171
A1BKLQR4F589NR	1.0	0.7763867391656446
A1BKQ16KN2L4WY	1.0	0.9460025373420664
A1BLH6NVH1IH77	1.0	0.9321060826556773
A1BLOBVYODM1MM	1.0	0.9881402737428424
A1BLQHDQD75Z88	1.0	0.5469870184816878
A1BNZVP7NR7PCR	1.0	0.7000433312134551
A1BO18U3RJ6Z22	1.0	0.8878225819943559
A1BOH4BGCPUVPL	1.0	0.7104004868494611
A1BP2XYZ3X8R29	1.0	0.7531331774814171
A1BPBSNDV54F8T	1.0	0.9759906955661687
A1BPOT4A46JDNR	1.0	0.9841870316571233
A1BPOYZDY1KYQA	1.0	0.9638142767075044
A1BQ0QZ8IOM4V2	1.0	0.8422250229188063
A1BQ806SVEXCY0	1.0	0.977933046568498
A1BQOCHVEQSNYS	1.0	0.8990183693562424
A1BR888JH5MNE4	1.0	0.6586454625833651
A1BRH1UV2Q8826	1.0	0.4287141694862818
A1BRHB9EQCUSP1	1.0	0.9469747592847553
A1BSBL0DZ8EN3Q	1.0	0.9626315618652183
A1BSGMUZDJJD1V	1.0	0.9661862679357827
A1BTB9075DZ8DR	1.0	0.8444424873162613
A1BTXVZBWLDC90	1.0	0.8178463715395139
A1BU53ZLZOWKNT	1.0	0.43947859927296246
A1BUBISNRNRJ84	1.0	0.8889312688870588
A1BUMIQ9GG2Q6I	1.0	0.9022586307227406
A1BVCH82W0M2W2	1.0	0.9455694130795047
A1BVI1R4GJMABC	1.0	0.48309347979337197
A1BWGJERF0EHBN	1.0	0.8044989982448357
A1BX06Z8YC3RLS	1.0	0.7920859144456085
A1BXLNV548OTMQ	1.0	0.9519813911323374
A1BXT3WMOSUAJX	1.0	0.7916582395002237
A1BXTYO0L9PDXC	1.0	0.4795159987308334
A1BY924HBYXHFF	1.0	0.7245759030543995
A1BYTO7FVW1E5E	1.0	0.96525718564435
A1BZ0R7S4146YZ	1.0	0.8543250196490197
A1BZH5P0A1ZGNJ	1.0	0.7149429361333546
A1C0HKLKA3H3GD	1.0	0.7039250045922417
A1C0IX37FKM0CM	1.0	0.9622549047743335
A1C1RWOGWG00GW	1.0	0.6674317474436108
A1C20CN2A2UP99	1.0	0.9768737519710279
A1C22YJFQCO0OO	1.0	0.9683740633142466
A1C27KCWDSKMMW	1.0	0.9572641983715949
A1C2W5JREUB94R	1.0	0.7933535855367724
A1C3LQ4NIWDHGD	1.0	0.4746893189629269
A1C3MNEC5LP578	1.0	0.8657889583972301
A1C4EY04LHMURG	1.0	0.8925904142875379
A1C4HN6WGSTTMV	1.0	0.9558255351699924
A1C4NBXUUSSQEV	1.0	0.8081811077786654
A1C4P3FDB8XS5O	1.0	0.6257226332556303
A1C4UGQT8012QH	1.0	0.9510147250642643
A1C4XE6DJU9T2F	1.0	0.913312320531595
A1C6LW9DPI1Z4A	1.0	0.8351618669371274
A1C7DTTCSMHPUQ	1.0	0.8500425324745924
A1C7DXJKAP99TW	1.0	0.8956956263390421
A1C7Y31S5QXNTR	1.0	0.5248732513594918
A1C8X3OH57JH3H	1.0	0.9554150331507714
A1C97RD7TJOCFH	1.0	0.7782636267260206
A1C9HBEU3S37WC	1.0	0.9209351582856163
A1C9IZGFRJIAVB	1.0	0.6444607184649469
A1C9N96N2M5D13	1.0	0.6913300882211658
A1CAM0VZB8UQ9T	1.0	0.6788246799353889
A1CANGR2KS19YL	1.0	0.9618680099687185
A1CAV2K99G0MX4	1.0	0.7296200640961743
A1CB86K53NG0P2	1.0	0.9397328323160268
A1CBWOUGO0DZ47	1.0	0.9101244286213268
A1CBZR5ZO9PGGH	1.0	0.6890805975133797
A1CC70OQXQGYJT	1.0	0.6219479725604445
A1CD6C2R5R90SD	1.0	0.9211003079088627
A1CD9USFTL3DG	1.0	0.9809399682543062
A1CD9WFEYXMKQT	1.0	0.9089861031688757
A1CDROJB8PDNZR	1.0	0.6554631625560903
A1CDSPVIPPELJ7	1.0	0.954373846680574
A1CE0UVWM31WEC	1.0	0.5440372018623865
A1CEFL2JDFR8TU	1.0	0.8369009786124294
A1CEG4HICKGHUW	1.0	0.9629392045329657
A1CEUUGI990UV8	1.0	0.7827135729925557
A1CF0FSO81WN0S	1.0	0.9109979709404484
A1CFE4E1Q86XOT	1.0	0.8672022838350274
A1CFYK6MW2FULG	1.0	0.7952346713614726
A1CG3CX6AADO0D	1.0	0.7351147306164608
A1CG75D2Y7WIOI	1.0	0.8767993919512661
A1CG7U3K28EJMM	1.0	0.6412791711805866
A1CGB2H8VIXDXH	1.0	0.9228898236467988
A1CGQAQQ88S2U8	1.0	0.956514337057089
A1CHAG7IJX3I69	1.0	0.9644208212285273
A1CHT8HI8BU6FP	1.0	0.956514337057089
A1CHTS5F0FN5P8	1.0	0.9549484664777349
A1CHWTRD0QZ5K7	1.0	0.7234737468890882
A1CJ6GTDEEWJHY	1.0	0.9715596178148268
A1CK9EKWSP1GEY	1.0	0.6485162139690015
A1CKCGZIHFBUR1	1.0	0.565675033199897
A1CKNNV7JYA827	1.0	0.7780992965924122
A1CKRR0KEFAV9P	1.0	0.8377684317752084
A1CKXJAYRUJ7NN	1.0	0.8798729127357254
A1CM83OHE53Z5W	1.0	0.8990513788978696
A1CM8WVT9LHSR	1.0	-0.21948378846307204
A1CNHKJAGCTB4L	1.0	0.7153695799401113
A1CNUYQ2OESYDJ	1.0	0.8591668040776569
A1CP1YDI9QICY6	1.0	0.9196900665997991
A1CP6KHLOBQM56	1.0	0.8999881446219977
A1CPKLX5Z38EXI	1.0	0.6910367438948095
A1CPLZN0BWLU29	1.0	0.8426525028060953
A1CPRGBX1WSE6N	1.0	0.8788595496801219
A1CPSC0REF4IFD	1.0	0.8671219970715877
A1CQ64KG0HMCN9	1.0	0.8894723320545894
A1CQ7OGXTG0USJ	1.0	0.8757804163652431
A1CQB68AVTE5CS	1.0	0.7571715433996187
A1CQMGTVKZMKPV	1.0	0.9550053092097461
A1CQTU9YHFMBZ9	1.0	0.875685928341514
A1CQUDSK0AMTTH	1.0	0.7466690231148084
A1CQW9SR9C88DL	1.0	0.9327792011069483
A1CRGL2FEEIBO1	1.0	0.5925915735154729
A1CRM4LBHNP46A	1.0	0.780406619340044
A1CRVEOLYIZODJ	1.0	0.8526448416030258
A1CSDYINERDFGB	1.0	0.9541450426512158
A1CT5L6TCX0WQT	1.0	0.9596921411301486
A1CTAU85PT5U0V	1.0	0.7738951728148269
A1CTC1Y3HZWJCQ	1.0	0.9046214151373605
A1CUTTO877G599	1.0	0.9234610937543006
A1CVPX7MLSWYUM	1.0	0.899997919383119
A1CVT5YYYZ7N0N	1.0	0.9142703372609681
A1CW5N7C09OT8T	1.0	0.8269171998417262
A1CWZIXCLS4JFT	1.0	0.5590630528418531
A1CWZXG7JPULVP	1.0	0.927646583718798
A1CY6MPZ1TWSY9	1.0	0.8761824493290795
A1CY7L9KUVS9AQ	1.0	0.9476431948651953
A1CYX6JFGHB71Z	1.0	0.8701588193740907
A1CYZ85I9M5NXK	1.0	0.9133102245083226
A1D09EDXXYRANC	1.0	0.9146473824296059
A1D0X2T5LNLRR0	1.0	0.8477385011146343
A1D10R86M2TY4P	1.0	0.8038300723874082
A1D14VC7G3KXSP	1.0	0.9284432078435895
A1D1B70RV0BVMV	1.0	0.9575736050814422
A1D1CJSSBABO11	1.0	0.6593094430951468
A1D1IDI5S9TN9D	1.0	0.9490380847640303
A1D1LB2T1QT8G	1.0	0.9513437653114348
A1D22OU25XABAK	1.0	0.9299492206439481
A1D2DV9ZSUI4IT	1.0	0.7818045973046923
A1D2KSBEPOSJSW	1.0	0.8243432879029805
A1D31X55RL7Z7O	1.0	0.6757898611960659
A1D33H7DDMOJM9	1.0	0.511751970337368
A1D368USVDMTZ	1.0	0.9611597034395026
A1D3P0DD6121R2	1.0	0.9021681848355425
A1D3YB9616VOPL	1.0	0.0987065990875477
A1D44YT0P8Q8XL	1.0	0.9470562753673826
A1D4EDILSKB5FA	1.0	0.9075406659523672
A1D5A3FF8MH19F	1.0	0.8961625568737002
A1D5ZO2M0V1ED0	1.0	0.9845401209985744
A1D62OTVU421SY	1.0	0.8130101794316682
A1D661UIE8V6YH	1.0	0.42567410315350984
A1D682IRJJ43XN	1.0	0.9881402737428424
A1D6AEJSBY47QK	1.0	0.9730334840828678
A1D6HK21UH1163	1.0	0.9618453483815038
A1D8KKUI08HW8L	1.0	0.8880257649199726
A1D90ELZ0CGDFC	1.0	0.8703180279167362
A1D9136H3LMYLJ	1.0	0.8963230019339864
A1D9HJMP465RMG	1.0	0.8304096986862449
A1D9IBZNMUIJRG	1.0	0.9352127514582154
A1D9TOPFTT63HL	1.0	0.8249238547434735
A1D9Z43302HLP1	1.0	0.9526557049752676
A1DA15F3Z3DJT7	1.0	0.8582509449374965
A1DA9ZHCGS8X3U	1.0	-0.18069427451273026
A1DADP4TITMWHK	1.0	0.8350880024770974
A1DAJZO8DIGDYS	1.0	0.7600004158001676
A1DAODT97SS6UB	1.0	0.525383649966916
A1DB4RQRWA8TIS	1.0	0.7825673532506654
A1DBAFBX6NZ44J	1.0	0.6966300954196191
A1DBBXU90XZJCK	1.0	0.9044016387108537
A1DBDCQASEIMDW	1.0	0.8769587799740668
A1DC1QQJP0TJJC	1.0	0.8226212168836949
A1DC3104FVGWYT	1.0	0.8948833881359388
A1DCTB9XZOB1YI	1.0	0.9697864206800508
A1DCWKOJKYS0M	1.0	0.9044693065176258
A1DD082KQ629C4	1.0	0.8943365591873698
A1DD4JP2EG8LC5	1.0	0.9070970617976835
A1DDRX0OKKN5TK	1.0	0.9248884003713355
A1DDY46Y3IOFHN	1.0	0.8326021763822706
A1DEO0QMWBVHDZ	1.0	0.6751107812112135
A1DEQY49OB62T8	1.0	0.7296224679239766
A1DF2BL2FP0GTH	1.0	0.9786587722002963
A1DFAAZTL1IAV2	1.0	0.8962188850551238
A1DFE7GYON7G7	1.0	0.8946470496567123
A1DFFIN4B4TZZO	1.0	0.6606227096614177
A1DFVO3QWHPU8N	1.0	0.9834193440719844
A1DG05B7OHMNUH	1.0	0.7710174302525561
A1DG0N9EAFMM8I	1.0	0.762990919002592
A1DG2XIULOKPCR	1.0	0.8409194501148638
A1DG3J82BXXNQL	1.0	0.9773398155100381
A1DGO6LXN4F9W3	1.0	0.8709504884506416
A1DGWI8BBAKVIM	1.0	0.9130829834572006
A1DH42FV47N8L	1.0	0.8738420940856765
A1DH4J42SXK4W5	1.0	0.6709366397176084
A1DHD7D617D2Y2	1.0	0.6870890992418437
A1DHO28IKRHYKA	1.0	0.9572538940446785
A1DHPUDQKLJU3O	1.0	0.6955015694928043
A1DILVOYDN9HEP	1.0	0.9748145718883953
A1DJDDPJP6THC1	1.0	0.5540431391288332
A1DKB58OGY95GQ	1.0	0.957250232038075
A1DKZIJN9AN7XD	1.0	0.8731413966651279
A1DL1HLJYQDOB9	1.0	0.9687271526556975
A1DL8T3IEW6D3P	1.0	0.8549389813847538
A1DLLJH8KPJ9ER	1.0	0.8863974511150146
A1DLZXGLSC394H	1.0	0.9220427364725098
A1DMN9AYFMN099	1.0	0.888546664504119
A1DMVIVN7JF7UR	1.0	0.9125141762099953
A1DO9LRCO23EOM	1.0	0.8933723977613617
A1DOEGBFPNPVYK	1.0	0.9292625695574888
A1DOMV05US834W	1.0	0.8642354270400483
A1DOQF1JL48V4X	1.0	0.9250348796429293
A1DP33NTZWL8OO	1.0	0.9355345075169711
A1DPKVRQZJU4K4	1.0	0.7244262204359287
A1DPROXYKYHHJU	1.0	0.8286530998665413
A1DQ5NQVXZH4SK	1.0	0.8872141452706079
A1DQPVC165HWND	1.0	0.9309601785057611
A1DQSSJMO7VZC6	1.0	0.8956292493871306
A1DQZFJ4TY9ORF	1.0	0.7337671227267484
A1DRH97CJJQNG6	1.0	0.9234962629303409
A1DRPQLK11GSAH	1.0	0.6376714128476539
A1DS2KRM4I9EIG	1.0	0.9809399682543062
A1DS6NDXUMEKNE	1.0	0.9162864760068019
A1DS9F8DIOC3GY	1.0	0.8823232682907346
A1DSCK45R2GH0Z	1.0	0.7704158744922525
A1DSFF7QBRMB2P	1.0	0.9525610949713698
A1DSRT6H106PV1	1.0	0.8086242445304024
A1DTQ2IIPRDTST	1.0	0.7329517775710144
A1DTVSH7LBLDCU	1.0	0.9807838493481716
A1DU93GYAPFV8Y	1.0	0.8903880349493943
A1DUPV5SXIPFWY	1.0	0.8808275955086174
A1DURUND7Z3E1V	1.0	0.7738208492942287
A1DUVCH7HGFCFC	1.0	0.7432074539730221
A1DUZQD82F2RIC	1.0	0.9547024639011139
A1DW48CPF98IBR	1.0	0.8933283922848375
A1DWGDEINCB5BE	1.0	0.9138815043003808
A1DWHRG88JPUCX	1.0	0.9241945000272177
A1DWWK37B9TM0G	1.0	0.7479601271813195
A1DX2P0TKQOMY9	1.0	0.75770855451025
A1DX3FSZXUGF8I	1.0	0.808598893856262
A1DXI7ICZNKV3E	1.0	0.8430432708209376
A1DY8J2M6XA195	1.0	0.877704012320375
A1DYB9MKFYEGS4	1.0	0.8478886909654417
A1DYFEU830SBWS	1.0	0.8640788150784177
A1DYRDDCUBKX9I	1.0	0.8267048631436685
A1DYZ7H8WRLKL2	1.0	0.9054060199544331
A1DZ4SWQAQMFZI	1.0	0.9169219259962554
A1DZHP20KBESJJ	1.0	0.9667334704862783
A1DZVPI9UND9K4	1.0	0.653794455131025
A1E04WHBMH3FRN	1.0	0.937971908712872
A1E0AIFQZO1PQP	1.0	0.9644208212285273
A1E0MRYFOYQC7A	1.0	0.9353293122203679
A1E0V64AXHOD4M	1.0	0.983222373636668
A1E1Q5Z51MSTED	1.0	0.7390201532663245
A1E23YTGHD2RD6	1.0	0.8117352670968784
A1E33ER4JG5B11	1.0	0.6439358207286462
A1E39J0734IR7O	1.0	0.9355957461945945
A1E45OPF6KECIL	1.0	0.9413382880673569
A1E4FASFO78Z77	1.0	0.8536439305203436
A1E4KF8DHCMNV8	1.0	0.7512568871577793
A1E4YQVLZIM4W	1.0	0.974092752107221
A1E51M19V6HKI3	1.0	0.8333316311968444
A1E56PU394428A	1.0	0.39090612012592235
A1E5CF3LJZX7PP	1.0	0.9689672677995895
A1E6GAFS9BNRCM	1.0	0.656799299442615
A1E78KIR64YBT6	1.0	0.9191723827096063
A1E7HYF5LZ8524	1.0	0.9309601785057611
A1E7O9ZPPYWXP4	1.0	0.8612643960010291
A1E7S6MMB2B061	1.0	0.9022477612065519
A1E83Q09A7R1NC	1.0	0.9551846151198393
A1E8FP50EX9R1H	1.0	0.9693689652100911
A1E8NQV9XV12XU	1.0	0.9407013687142123
A1E8RRIEGN6SW6	1.0	0.9111939680771651
A1E93U2VRL4UO7	1.0	0.9608206684842592
A1E95VMJJZ7DLG	1.0	0.6954227336827435
A1E9J3OWYIVEL3	1.0	0.9486078528856506
A1E9QPX0866W00	1.0	0.8645032069271613
A1E9VR36A4EWBF	1.0	0.7994014322331082
A1EA6KV5EUBTIU	1.0	0.9012420217170709
A1EAJ66KRKOLL1	1.0	0.9172299665919089
A1EB63V3NAWDCE	1.0	0.7472697491779533
A1EBQECLEPEZH1	1.0	0.9004943896707275
A1EC1JG899XQSW	1.0	0.8398392006095584
A1ECIKAFT7Y5T2	1.0	0.7499997639514375
A1ECN924JG66L9	1.0	0.8493298188422077
A1ECRJKI15LTE1	1.0	0.9594151620742662
A1ED3SQQ8YH55T	1.0	0.7844731966462226
A1EDH7TV3JMCM7	1.0	0.45255777908777217
A1EDZPB0R394FE	1.0	0.7828082661709486
A1EE4J8RUK4PYC	1.0	0.696250762894533
A1EEQD1EG2QRNG	1.0	0.943686074401746
A1EEYGPECPOPSZ	1.0	0.5661655226322893
A1EEZGHATCXO9P	1.0	0.9092150938088214
A1EF6EKYSQO7FM	1.0	0.9091017975261179
A1EFNOPYEZ0BQW	1.0	0.8259473523158687
A1EFZ2YYFQVSST	1.0	0.5365980860706999
A1EG1SW4UA7RS4	1.0	0.9762805474856849
A1EGKGGSGPINZX	1.0	0.9726803947414168
A1EHNMK7VRKKYJ	1.0	0.7923526424943207
A1EHXIBNKPLDY7	1.0	0.781656846019498
A1EHXQGAYR75ZM	1.0	0.7738449679271711
A1EI8AZHZIGBXI	1.0	0.8784705139806568
A1EIABUZ967T27	1.0	0.9491027370032032
A1EIS6PXI6TRJT	1.0	0.929481143084955
A1EIZBZWGSVCES	1.0	0.9650140257138704
A1EJ9BMB058DRV	1.0	0.8893445184616461
A1EJN57VUKZZQJ	1.0	0.9495528663703352
A1EK0SWZ4JON11	1.0	0.9701613889457719
A1EK5AKMGTO8DA	1.0	0.8958327820652634
A1EK7K4HRYTKI9	1.0	0.9027620249095037
A1EK86R4P2XI5V	1.0	0.9134135964946002
A1EL8ZV6BIXNJE	1.0	0.8437628141172451
A1EM5MGO1LZL4F	1.0	0.9357795902303075
A1EM70V2QHYO82	1.0	0.7162270043246641
A1EMKX2GYK5WKM	1.0	0.7754825999888837
A1EO9BFUHTGWKZ	1.0	0.950991745798147
A1EOG1HMSTDFDE	1.0	0.9185794094414046
A1EP8DTNKSKZVI	1.0	0.38162254072475
A1EPMZ57QTBRBW	1.0	0.5840522017248242
A1EQ4Q3CNUH267	1.0	0.8442385672845646
A1EQ58DCD6I9R0	1.0	0.9546277488294133
A1EQ5D5JRSW23K	1.0	0.9365987673608833
A1EQL8UQW549VC	1.0	0.5844940250209407
A1EQUW7QUZPTYF	1.0	0.8722444338842559
A1EQYMWJPM3CZ0	1.0	0.8053162417200871
A1ER0VZQNVWI46	1.0	0.8042702886986309
A1ER772BK8XTMR	1.0	0.773135011842718
A1ERDWL59TINY7	1.0	0.9580595552163974
A1ERTZVVPGXEU0	1.0	0.8288837515036437
A1ERVZZ0QOAYWW	1.0	0.470338956489145
A1ESIQN1BJH6EL	1.0	0.7239901446469387
A1ESPF558OLWZ1	1.0	0.4808367876323501
A1ESYCHRTCOMWM	1.0	0.9567035570648846
A1ET8SZ6FNUH1F	1.0	0.6408961330755965
A1ETZVL3CO76UA	1.0	0.7896844910040572
A1EU76DT385R1Y	1.0	0.8778749004642215
A1EU7K83X7W6C0	1.0	0.8555926003451388
A1EUR0MEMA18IG	1.0	0.7403640857181418
A1EUSIXC2EKO2K	1.0	0.7788511883629419
A1EVA0IP4HIQB0	1.0	0.7435484970784896
A1EVKF0KTTGAON	1.0	0.9288402406298882
A1EVU87XH0O6D5	1.0	0.8836029765354947
A1EW5QVUAO3ETA	1.0	0.9553743836944283
A1EW671VIJ3F3V	1.0	0.9693689652100911
A1EWCCX0LSRO7J	1.0	0.909240519774366
A1EWDQ18YIQ990	1.0	0.9123099663036761
A1EX5SK2PD0XLC	1.0	0.8671587650099052
A1EYTDCGBR54X3	1.0	0.7635856065340884
A1EZT7NTHQ0AKO	1.0	0.5948044929604944
A1F078712OPHQB	1.0	0.6224657978228945
A1F0BZPUZHF1BZ	1.0	0.97373966276577
A1F0Y1546RAG1C	1.0	0.948229262062982
A1F1WEIGH2ZH9Q	1.0	0.8198442803511418
A1F270Y6Z856PO	1.0	0.8281400362324866
A1F2U4EZB82Y8H	1.0	0.8350175947244575
A1F37SJMP29EMF	1.0	0.6421393776068473
A1F3YG4KFRNN1F	1.0	0.7644273432473072
A1F4BSB04267Z8	1.0	0.9304918217873573
A1F4HJX289VM47	1.0	0.6791826150704053
A1F4NXU48GI9PI	1.0	0.7918986861314739
A1F5B8SSZ85M7C	1.0	0.929702144728563
A1F5Z0UQPGJ8P0	1.0	0.8946077913217921
A1F6HN0IED1PFN	1.0	0.9595029211223529
A1F6IEGFY6Z0KY	1.0	0.8579103286495892
A1F7K7M22WA8GG	1.0	0.6479957852306694
A1F7XETXDDGRBE	1.0	0.8574497984627938
A1F7YU6O5RU432	1.0	0.7557829322295948
A1F893Z6409CXT	1.0	0.8990366006459048
A1F899V2IVY98A	1.0	0.5007096361959904
A1F8CJ0AB6RKDQ	1.0	0.8437372380776664
A1F8NPPBC534V4	1.0	0.8684937862083728
A1F8QRYO7DD2IU	1.0	0.6104551999562026
A1F988L9Q69VXV	1.0	0.9644208212285273
A1F9MULI7NCZYQ	1.0	0.9517438392356851
A1F9PCD1WSIM00	1.0	-0.1298864152245014
A1F9Z42CFF9IAY	1.0	0.9290896928490664
A1FAOCDRFDJES6	1.0	0.9140879421385312
A1FATNQ7OAXW7V	1.0	0.9697864206800508
A1FBRG7TEDHF8J	1.0	0.7897062061541882
A1FBTIDH4B9NNL	1.0	0.726995247631691
A1FC5QAYMI0KLE	1.0	0.9392197520186505
A1FCIZ8J37BX82	1.0	0.7967869550854951
A1FCOW6QNQ06B5	1.0	0.7186437648612525
A1FCW3F4Q2YW23	1.0	0.9253303949062219
A1FD0QVM57YWQE	1.0	0.8777547574013059
A1FD8VA72X0EDV	1.0	0.7936345423156722
A1FDCMIAMN7787	1.0	0.8887206171985317
A1FDD8HQF584XW	1.0	0.9295232143192609
A1FDDDA627DBI1	1.0	0.7910821059732187
A1FE6H8WE41BEC	1.0	0.8585088239360746
A1FEBSITHS7MMA	1.0	0.8198423710134737
A1FEJMXMYYIU1K	1.0	0.983222373636668
A1FF8RVKS9Y843	1.0	0.8792682389032298
A1FFG2ZTAEEYQ8	1.0	0.9248985383894328
A1FFICT9BADC72	1.0	0.8832501179232118
A1FFPPPIOSI36M	1.0	0.8068784189351852
A1FGJ5BC5TQWJU	1.0	0.8861054262323457
A1FHCJS6S0QFM0	1.0	0.8091433292178568
A1FHLL92VGDTCQ	1.0	0.9610607836281512
A1FHSUI28KU0Y8	1.0	0.962874451321422
A1FIJ1VRRULBX6	1.0	0.9040364909348187
A1FIOIC4B4NAPL	1.0	0.8572726314806641
A1FIQKGOQ5MJ3V	1.0	0.9679714207958457
A1FJ34GLC95ALF	1.0	0.7470439208112072
A1FJ6IAYNS6V72	1.0	-0.17647450936301634
A1FJ7LZ7TGKQRZ	1.0	0.8198181388598634
A1FJEXSOQZMOTR	1.0	0.906020303155268
A1FJQFAYC17JP6	1.0	0.8567693282419347
A1FJSCNYLU4126	1.0	0.9343278644360619
A1FKA3SMOHZ60S	1.0	0.8551478656612171
A1FKN51TQ1DR03	1.0	0.9357795902303075
A1FKRMX71MFDOX	1.0	0.9360007413435533
A1FKU87LINJ7CQ	1.0	0.8900934942347253
A1FKVTBKSD3514	1.0	0.7820675691890072
A1FKZLMLYR7859	1.0	0.8859928988672883
A1FL8YM3H276H9	1.0	0.7986112467197678
A1FM8OQ9EM61BX	1.0	0.6463543500661905
A1FMBY4N72CLTY	1.0	0.8350619552013829
A1FMDPUQ1OX95F	1.0	0.9356195992743824
A1FMJJKSVQDDQ	1.0	0.807859075763487
A1FML9FCUPV6TI	1.0	0.8900195018430596
A1FMPP00DHO0A3	1.0	0.9239900769350625
A1FN9L42WNS01	1.0	0.8018399181800477
A1FO2ICRB5K8TR	1.0	0.9805868789128551
A1FOCHCQYO1RIF	1.0	0.8630202029609905
A1FOFTJBJQSN0B	1.0	0.8910815783213675
A1FOLG1RO0CBU7	1.0	0.6300960237323131
A1FOX7QZ8JJIJL	1.0	0.9593390517886975
A1FPFWRPLT3DAG	1.0	0.634364681553385
A1FQAQO2VKWRN	1.0	0.9307723800417051
A1FQQO3LFIDZD9	1.0	0.9659538486787995
A1FR68QH6Z4YZM	1.0	0.8903624925665053
A1FRLFVTR5H1A	1.0	0.8816671713049675
A1FRMHI8CS0Z3	1.0	0.9539903176817159
A1FRN9Q1DN4OCB	1.0	0.9290896928490664
A1FRYDK242Y24G	1.0	0.8972816343705567
A1FSM1D049DYNY	1.0	0.9326455252751642
A1FT65Q22VCA2D	1.0	0.88549632564031
A1FTD9W4MWEAHP	1.0	0.8409216319279756
A1FTTVNQFMR2SX	1.0	0.914032929276898
A1FU3S49ERKP78	1.0	0.9324677042248783
A1FU8VIG4Z93YL	1.0	0.6166396225164603
A1FULI29QBC22E	1.0	0.9715596178148268
A1FUYBEVB9PWS5	1.0	0.9391659935439345
A1FV2BX0HW4G0D	1.0	0.9378073946528462
A1FV37YHRDEVF2	1.0	0.8717616530026241
A1FV7VRBMBU1BA	1.0	0.9094270873040994
A1FVMR93NS5RN2	1.0	0.6431740103844893
A1FVW47U1G96QV	1.0	0.9290034724681043
A1FW0RS12UDAZ0	1.0	0.47922730957942034
A1FWB0CUMG3U	1.0	0.36460625075446157
A1FWMGQW61OT8H	1.0	0.47820098751574874
A1FX35UETULSUD	1.0	0.8103969512368774
A1FXI8ZGBK6M6R	1.0	0.8605065625280428
A1FXZ8TMDOGI74	1.0	0.8984676205799323
A1FY8JGHRACXXI	1.0	0.9532331514011525
A1FYISSOJR0Z3L	1.0	0.956514337057089
A1FZ8UUM76ZGZ8	1.0	0.9714099523814593
A1FZA9C5MVIWHE	1.0	0.9288680079547138
A1FZUEKS632KK2	1.0	0.95891600162454
A1G07TS3XZY0DB	1.0	0.8402160968681401
A1G0KB4LOKPCGS	1.0	0.8900320622069233
A1G0VN1UHJ0M8U	1.0	0.943784562783374
A1G0W2CV9GKZ20	1.0	0.8730739045857775
A1G11AV1BLGLVW	1.0	0.9542112743016725
A1G11XIJFNI1FK	1.0	0.8808404043884903
A1G1PJT7DK9337	1.0	0.9317760880247933
A1G1PWJWIVW6UR	1.0	0.96836230536274
A1G2A89X2XHJOK	1.0	0.8871586430990848
A1G2Y47H9V5Q70	1.0	0.9288416424570547
A1G3UH66R42RY8	1.0	0.7370676479113226
A1G3V2XSTC4IP1	1.0	0.9294785618101993
A1G41M8Z7ABOB5	1.0	0.931661766860637
A1G42CYR8PHDQL	1.0	0.8141161500765807
A1G4XMYNTW7NXB	1.0	0.9446081422325208
A1G5XXV19J68WG	1.0	0.5983649430069173
A1G622IJGI2R3T	1.0	0.5360491175561657
A1G6DM0DEPOP6V	1.0	0.7076199105116775
A1G6UPLLH9LO34	1.0	0.8470451106656574
A1G6YDEKFVJSC4	1.0	0.5350689721411559
A1G76EWJWXK4XC	1.0	0.823664414776219
A1G7KZEHRWYM1J	1.0	0.6727824134266589
A1G7YNZXPBWA4Y	1.0	0.9099678951664047
A1G9RG4UAHD8PE	1.0	0.898469950231383
A1GAKF3270HPK5	1.0	0.8458786280761059
A1GAVL4M2Z6KM9	1.0	0.9302429167812502
A1GBMDPU2YWCAU	1.0	0.9414004927640364
A1GBVRPUHZRMYH	1.0	0.7141913510820583
A1GCE3BM88LFFE	1.0	0.792975145521181
A1GCHC9S7T4WHW	1.0	0.9537952268503548
A1GD0ZN3WT49KX	1.0	0.9280087203184486
A1GF03HXFJHZ21	1.0	0.9014049447346577
A1GFJNECD5RSEV	1.0	0.963456163208072
A1GGH5URZCKJQS	1.0	0.7542417240229954
A1GGHRKOH3N8HX	1.0	0.6775240290512361
A1GGOC9PVDXW7Z	1.0	0.9082472911432694
A1GGQP6V8SE2QV	1.0	0.8691743942913533
A1GGV3E5OFQD0H	1.0	0.5667564491676073
A1GGVKE5NFOZXJ	1.0	0.8508985978377848
A1GH2B4EP6BEHV	1.0	0.9713626473795104
A1GH53TFJPWLHU	1.0	0.9021612472561077
A1GH646HGNHD4C	1.0	0.950208234697527
A1GHM77CNAW4KX	1.0	0.826291135591515
A1GHUN5HXMHZ89	1.0	0.8674110635867529
A1GI1ML4Q452LL	1.0	0.7170004543413088
A1GIIPXONCEEHP	1.0	0.8414852169614234
A1GIJHMU2L8BWC	1.0	0.9841870316571233
A1GIY8J4X60IIT	1.0	0.8621349276934582
A1GJ832ASTPIZ8	1.0	0.8505112731216274
A1GJR5BCAX97RW	1.0	0.8688621831625052
A1GJSM46QH7KZ4	1.0	0.7980544125740021
A1GJSWSAYXKWBH	1.0	0.7677994269854445
A1GJSXCY09LLE1	1.0	0.91533643017068
A1GKATDZ70WG4Y	1.0	0.9296017161453303
A1GKK8ZVGMJVII	1.0	0.9179310450346647
A1GKMG6EL677EJ	1.0	0.9260422783995865
A1GKP6AZ4785VW	1.0	0.847968907047349
A1GKQKAQCM39UX	1.0	0.9343274359166972
A1GKR5QUCDUPWP	1.0	0.7462406092657119
A1GL1F09K9B0UR	1.0	0.6590670599918153
A1GL32GNX83AZ2	1.0	0.49366933893730564
A1GLAW4N617BVY	1.0	0.8689477202653878
A1GLCV62HN7J0D	1.0	0.4542187957151945
A1GLH4W59JLD7G	1.0	0.7970483482849384
A1GLOPA1EJ0CBJ	1.0	0.9267409192597964
A1GLUTKFEVDVSY	1.0	0.7808801802089478
A1GLVH5FNGB0JN	1.0	0.8976975562442813
A1GLYYFZG2W6P7	1.0	0.7340211965866092
A1GN8UJIZLCA59	1.0	0.8665417081845782
A1GNAKY0CMC54B	1.0	0.9494600921371481
A1GNCVQ80IQQP1	1.0	0.7556702391554299
A1GNSG4YLP3N0M	1.0	0.5260182059639903
A1GO3VKXF5GGNI	1.0	0.9779364070906696
A1GOV78ILL8XRU	1.0	0.7908210207391169
A1GP2V9MWLI3EA	1.0	0.9506317789304591
A1GP2W5KX1QQF	1.0	0.8009717148473765
A1GP8V3WZY8DP9	1.0	0.8601807379149977
A1GPBORBKVEF3K	1.0	0.9099523615628873
A1GPF54ICDT4VK	1.0	0.9266538470785908
A1GPOFRX4TDB71	1.0	0.9254859020702033
A1GQAKL9CGQLP1	1.0	0.7408608334351225
A1GQDEH5441OPJ	1.0	0.8565289276088836
A1GQQI7KB9VM0C	1.0	0.7117761051793035
A1GR2QPCD08COG	1.0	0.9537149729996208
A1GR3A8U4DIJCZ	1.0	0.9471890384775254
A1GR5SRP9SLDPA	1.0	0.3460917031204571
A1GRD2EN05KBJB	1.0	0.5159862038677456
A1GRMZ8Z9H0EPU	1.0	0.9489609422271017
A1GSFOCF0X4UQX	1.0	0.936748126628493
A1GSM5VHNM504E	1.0	0.8707902399687906
A1GT3YWEF94RRK	1.0	0.8237095274984052
A1GT5TH0LGAZ95	1.0	0.8899256093949501
A1GTD107181VCR	1.0	0.9300901304892035
A1GTFWWIP65PDN	1.0	0.8832236323030281
A1GTIMRXZ3KBN5	1.0	0.8655329907202468
A1GTNFHF0S6FEO	1.0	0.9057767753114729
A1GU45EV19T0YW	1.0	0.9249147658689946
A1GUJPIEN0XH4Q	1.0	0.2125579662773872
A1GUO9Z6CJM346	1.0	0.9468839419116173
A1GUQGYY8BY9CN	1.0	0.956514337057089
A1GUUNTRBAQ7EJ	1.0	0.48657159608836453
A1GVAJZ823B34N	1.0	0.6389948900574257
A1GVAS4Y96SIUD	1.0	0.9251722303830291
A1GVB60APWW64E	1.0	0.8323980399660245
A1GVCRV6A4SV1B	1.0	0.8510346916922907
A1GVMILMTT6W9F	1.0	0.955808480737372
A1GWGQ6KO00EL6	1.0	0.9352589989210724
A1GWPVK0Y1MRSR	1.0	0.4579278116408328
A1GWTBO3V4N1WJ	1.0	0.9465326058352073
A1GX1Q25JISNX0	1.0	0.7309995552882481
A1GXH6S5RHTX5Q	1.0	0.9249830103752333
A1GXX4Q564A87I	1.0	0.9202569115516104
A1GXXP1Z18MU28	1.0	0.7113873457955201
A1GY1HIA0XKF2G	1.0	0.8830296654761648
A1GY1KE7323DZX	1.0	0.8326275270564111
A1GYI95TWU42BS	1.0	0.4051934752653507
A1GYYF3HYWAEEG	1.0	0.9317494429533714
A1GZ4E11FT3XPG	1.0	0.39948351168095236
A1GZ5JMMVDYY3H	1.0	0.8243885605295551
A1H048MX5LKW73	1.0	0.6092278469623891
A1H0FH4IBZ2154	1.0	0.8031466414161961
A1H0HI1DFYEUMW	1.0	0.8065920118080452
A1H0J9E9EXLEO1	1.0	0.8958039931318673
A1H0P7ESJE2109	1.0	0.9005160644319066
A1H10L6S9KZB2C	1.0	0.8628229682548807
A1H16VPL9XKGGR	1.0	0.7943995448365813
A1H1A0TR1K38SQ	1.0	-0.1780661415443167
A1H1KYAO4JPX8L	1.0	0.9073850661917696
A1H1VN0616H6JP	1.0	0.7599400130203299
A1H292ZIVFYDQV	1.0	0.7963238308891477
A1H2ATYIVND5KV	1.0	0.9480209134566802
A1H2PZGIM80ATF	1.0	0.7262064666958787
A1H3D8N4ELKTE2	1.0	0.4830342708468118
A1H3NLN5VU2W9I	1.0	0.8040185674126081
A1H3THD1XRMW8	1.0	0.8829334295270967
A1H489BCE6RHK1	1.0	0.9471890384775254
A1H4HWQ2BQRMJ	1.0	0.9627808020843247
A1H4OAS2PMDKX4	1.0	0.7068200823225808
A1H5J0QXN86CU2	1.0	0.9167717470248843
A1H5TTWK1Q85Y5	1.0	0.9374543053113952
A1H5VETZ4KROSO	1.0	0.6577544062568905
A1H6448AVRAGYS	1.0	0.8380159673843967
A1H66XNX4RS8JI	1.0	0.960937157412427
A1H6V2X6LTGBRS	1.0	0.46188105372655197
A1H74TEB48LFDC	1.0	0.9701310597967885
A1H7JPAHFETCSQ	1.0	0.8991923268141608
A1H88B50FBNZG6	1.0	0.7390928150351973
A1H8B2UTQN6442	1.0	0.7829315673195595
A1H8FPYHSJ6B5T	1.0	0.8262061239629189
A1H8OMGPQXB6QA	1.0	0.6418590803886732
A1H8PY3QHMQQA0	1.0	0.9814213694451649
A1H8ZNDBQ4JYWM	1.0	0.9267092952459391
A1H9YMSW6BH7QQ	1.0	0.9556442890405316
A1HA83IXCM4362	1.0	0.9069557158826539
A1HACIYXDMRBC5	1.0	0.442513655995596
A1HAL6UWZ8DJK	1.0	0.7676994748259303
A1HAQ7HFRXKQ28	1.0	0.00853151762840509
A1HAQB0YH0KXAH	1.0	0.5386651355709238
A1HAR41241GIJG	1.0	0.9841870316571233
A1HAW3N2UR2A0U	1.0	0.8677660694029974
A1HB19B8Q3Y4GZ	1.0	0.8533406180204749
A1HBI9BBQIG1NH	1.0	0.8358116144229932
A1HBRMO4GD50X	1.0	0.9311102113246335
A1HBTW5M7ZZ9PT	1.0	0.7764813491695425
A1HBV3K7F3X5DR	1.0	0.8942524723801777
A1HBYVJ4SRC8SY	1.0	0.8544221426913583
A1HCCW38EQQBTY	1.0	0.9196304407964699
A1HCD3D9PQUVUP	1.0	0.8418703165712327
A1HD8WJMSUTNQW	1.0	0.9044815080498484
A1HD99HP0373UA	1.0	0.9658331785943316
A1HDGSH8BBTQ0P	1.0	0.8534692104090082
A1HDK51A6YISHZ	1.0	0.8649219922481205
A1HDLQ79OCY4X2	1.0	0.9174277782949026
A1HDWGOH8US3PR	1.0	0.9610794701849976
A1HF1TP1KITJ89	1.0	0.9575356279482289
A1HFGCJWEHPLY8	1.0	0.7675406255683164
A1HFVQZIDK7UUD	1.0	0.8425915293698297
A1HFWBUVW8G1TI	1.0	0.9559225214058094
A1HG3V33717I73	1.0	0.76898652373579
A1HGZ3G5MPPW7O	1.0	0.9414502752103493
A1HGZNUXTRBGJ4	1.0	0.9242597058706109
A1HGZZ4IUAQL67	1.0	0.6889745066271372
A1HHW8MIX0C3NE	1.0	0.9070905068812519
A1HIJR2RGJUH9X	1.0	-0.17561582030462097
A1HIQRR0VE3ULQ	1.0	0.7323326788620825
A1HIZ0LKBD6X8B	1.0	0.7774135276101849
A1HJ4H0Y4UZ0F2	1.0	0.9536203629957231
A1HJYA1QNW4UTA	1.0	0.7826187562698651
A1HK016IA2U7G7	1.0	0.39938573850429754
A1HK74QC809OSY	1.0	0.634048750249406
A1HKF5BZKKDN4X	1.0	0.7835379226834692
A1HKOSMRJ9P157	1.0	0.7924317720343089
A1HLPOB1SNPB71	1.0	0.9073776265913363
A1HO2IWKNKPJ8O	1.0	0.9405520094466026
A1HO42511U4K03	1.0	0.8504839705145871
A1HOVGEE981HS0	1.0	0.8320267596034233
A1HP3Y2COFG1F5	1.0	0.8307630417622551
A1HPA3P9SASA3L	1.0	0.8804396964140917
A1HPRBWCG0EB2R	1.0	0.8578548153513683
A1HQDO9Y59MBU	1.0	0.7714950982615711
A1HQP4YJLB3ZHA	1.0	0.8747412142210437
A1HQWPU9DCL9Q8	1.0	0.9082307346860415
A1HREFX80W8LLT	1.0	0.8807325049818306
A1HRY2STQ8D7E7	1.0	0.8000115816760619
A1HS55TIAPZP4C	1.0	0.9884933630842935
A1HSI9SHK3TOU2	1.0	0.9772754493815294
A1HSJBC8GIL31W	1.0	0.5730801999078664
A1HSJSWV6ATSEY	1.0	0.9131707336655716
A1HSUCYKMQYPMJ	1.0	0.950070906130281
A1HT0PU4VGIV9G	1.0	0.8011911888762415
A1HUYT9E1Z2E6F	1.0	0.9443274304820358
A1HVNEV2QDYJLL	1.0	0.9075763566092052
A1HVTP58Q1CTJL	1.0	0.8403398997007967
A1HW50WKYO56TT	1.0	0.9858674957386047
A1HWC834CG31R8	1.0	0.702732018902796
A1HWMU2XORHEI4	1.0	0.9713940715362229
A1HXOYW9KVX7HE	1.0	0.9650308225450308
A1HXP37UG93ZIM	1.0	0.9060076699332195
A1HXXO2C7U1O6I	1.0	0.9334543627077139
A1HYP5XTUE8EV2	1.0	0.931314435779684
A1HZ1HL9LZ4Z1	1.0	0.8209213216672145
A1HZWTN7KJNZT	1.0	0.235480291985689
A1I02V1STNJVX7	1.0	0.9305021628984393
A1I0CHH4HB70IL	1.0	0.46248580886272467
A1I0H669U0J60X	1.0	0.8887643176570538
A1I1I2S4XB1LGI	1.0	0.8045324837851683
A1I1MOVWH5GRTG	1.0	0.8912348309453035
A1I1MR3D7KQDS6	1.0	0.9091366696202194
A1I2MRYTS60UW8	1.0	0.8754273272460092
A1I2OS2DRYD1DR	1.0	0.6308319748227074
A1I2SUVSH6647T	1.0	0.8817907413203641
A1I375S2EUYT47	1.0	-0.18295910868881834
A1I38Z7M5C1SDP	1.0	0.6399252792185696
A1I3D47EC8T3XS	1.0	0.9619357863330563
A1I3KDXYWIRQK6	1.0	0.8149070346663456
A1I3PNNXJ8YHPW	1.0	0.867506008739253
A1I3T4F8HRUPGV	1.0	0.8657657704078047
A1I477ADGMLVJM	1.0	0.963696278351964
A1I4FAYSR3CFVA	1.0	0.97373966276577
A1I57Q29TFTMN7	1.0	0.9372616035683091
A1I5S4H8801E2S	1.0	0.8732574729287951
A1I5TO28HHDITV	1.0	0.9041066319619026
A1I62C5PLO9DKB	1.0	0.663196193368911
A1I68UHL4M3PC3	1.0	0.9471427212062629
A1I68WA8ANX5WQ	1.0	0.8105813190349487
A1I6UVJCLT4D23	1.0	0.9697744941401568
A1I7HLVM8OHMCF	1.0	0.9345925492219176
A1I7NF8ULCJFNG	1.0	0.9620269304413022
A1I8BJY2M3A4CO	1.0	0.6222191860048135
A1I8RL6S2ULRQ9	1.0	0.8611131961235952
A1I9MEQLZMTOAS	1.0	0.8149755377053206
A1IA1ZKGRN3UES	1.0	0.6969935443074043
A1IABIGVI7RCVL	1.0	0.7961529495942405
A1IAI2G7YW2I1S	1.0	0.5035252179397866
A1IANEBSMVGHS9	1.0	0.888628393591101
A1IBAI8WXBKL3W	1.0	0.867242795619125
A1IBBN6K7GSYHI	1.0	0.7058232745622488
A1IBG0W7OUGY81	1.0	0.5859661320210244
A1IC0HZ35M0406	1.0	0.909268696765395
A1IC2OYWWSNDMV	1.0	0.8560142059366471
A1IC7EE3DOMWLY	1.0	0.9044344307852532
A1ID55B6ZR5OS9	1.0	0.9039828429316606
A1ID8VQWS1EBZX	1.0	0.8220610787735111
A1IE62LRDRUV3B	1.0	0.7884994044418947
A1IEJOPR3T86Y0	1.0	0.8880668253814074
A1IF1KAHUTAXLH	1.0	0.5584195992504934
A1IGZ0OU5T4J5E	1.0	0.9306625373316583
A1IHEQ9QITVQUY	1.0	0.972657494414636
A1IHF1CCGNIUCR	1.0	0.8040873517169269
A1IIC9UCCJ9B02	1.0	0.8512145087826156
A1IICQGTD18BL6	1.0	0.9537149729996208
A1IIHPDFAB9U5V	1.0	0.9597617228230912
A1IILNDG864492	1.0	0.6170901739791047
A1IIMDCC0HQK3V	1.0	0.9645475292042321
A1IIUCG9TJFUWS	1.0	0.748142883934011
A1IJH6CXQXXNS7	1.0	0.8642281130680242
A1IJNMZJ7P9MR3	1.0	0.8830152521779041
A1IJOWC84ELBDQ	1.0	0.9275222881339668
A1IJUUNPU7L6LA	1.0	0.8484286071472151
A1IKAOG9VF3J3D	1.0	0.9753158894652296
A1IKCUXOP7ATNS	1.0	0.6188553520653782
A1IKOYZVFHO1XP	1.0	0.83604406832843
A1IKP1UHJVW5JF	1.0	0.7417876224211594
A1ILIA9UCC6PXC	1.0	0.8792382406641864
A1IMI4B95YDMV5	1.0	0.8645029950751258
A1IMS7UAW1N70A	1.0	0.8923407892583824
A1IMT7M2FY2DNM	1.0	0.9728773651767333
A1IN2O7EGF96JV	1.0	0.027656391255210327
A1IN6INTN12OCN	1.0	0.46305779822974147
A1IN81U71Y9RPU	1.0	0.9256385293383202
A1INGJ6OX6TMT9	1.0	0.785072291474268
A1IPBEMF2T5J58	1.0	0.9390607758862439
A1IPBZUL72L2C6	1.0	0.9676063757291077
A1IPYBGXRLS6MX	1.0	0.9017902069543421
A1IQ2117B76HH4	1.0	0.9518552386516529
A1IQ7XO43E8ANM	1.0	0.9202074664674988
A1IQAMH0RUGYPJ	1.0	0.6237801058405883
A1IQCQUA8Z8K5G	1.0	0.8604681540548184
A1IQIH22XOJGFZ	1.0	0.8536701658327358
A1IQJ8VIWCKAFT	1.0	0.983222373636668
A1IQTY6MQP0WR1	1.0	0.6984702527465144
A1IQV4GY77TJKU	1.0	0.7272570467131056
A1IQV6AI7L9NOK	1.0	0.8147849031066235
A1IQYCF76SF2KF	1.0	0.2883744410916038
A1IRDKF7VGGTEF	1.0	0.8892269159393178
A1IRRJ2VAZLIDI	1.0	0.9524918356416122
A1IRZWUGJO0OAU	1.0	0.7864729290266679
A1ISQ4BFCCGKVY	1.0	0.8383008745443785
A1ISYVPFV83QRO	1.0	0.8473834003221876
A1ISZKLP9UCX8P	1.0	0.8940135994283376
A1IT4GOX5372QW	1.0	0.9054768962903132
A1ITJL2REV3CZ0	1.0	0.9187699585132357
A1ITV6I0MI1149	1.0	0.9110652358201479
A1IU47E4MUH4T7	1.0	0.9595502261243017
A1IU49QJWEKZW4	1.0	0.6356783049977698
A1IU7S4HCK1XK0	1.0	0.955461919988547
A1IUSWIWF7087C	1.0	0.8738990368555045
A1IUWH7EOYMIND	1.0	0.844835248135522
A1IV4XBV2XEQPQ	1.0	0.878792593378752
A1IVGCF4BUPHWY	1.0	0.9300582555133693
A1IW0AV80PZ3V7	1.0	0.9856156273563126
A1IWCIP8CN0F7S	1.0	0.9659801725270213
A1IWWRZJOXOSYP	1.0	0.9202175598114989
A1IY5CJK0LMC71	1.0	0.940949419106224
A1IY7LPCTQZQEF	1.0	0.802757706441109
A1IYLF06F7PWAA	1.0	0.9300428254872547
A1IYUECSCVU7ZT	1.0	0.8668098373739243
A1IZ7PBQEGLSJF	1.0	0.7549660603649524
A1IZUJL61T3Q3X	1.0	0.7514048422574419
A1J0PSI8T95T4S	1.0	0.8255865351651406
A1J1JLMKKD02CL	1.0	0.8875375976253906
A1J1K3S5RLQCEM	1.0	0.9392522829610855
A1J1Q9RRBD6SJV	1.0	0.807911890076118
A1J2IDOY09SJEB	1.0	0.9412945731995552
A1J3BMJ76M7JLC	1.0	0.7723074349616619
A1J3LYF1MN3D4D	1.0	0.8280998830153632
A1J3NVU0WYUODR	1.0	0.9740309749709054
A1J41Z1VCK5Q9T	1.0	0.747430521793631
A1J42V7JNRNPMA	1.0	0.8235386422044157
A1J4612EOYDEKQ	1.0	0.954062792578532
A1J50A54JRYD6T	1.0	0.9016686045514115
A1J59X8BW1OX70	1.0	0.8188693396839702
A1J5GKR4AX31BP	1.0	0.78909897444919
A1J5KCZC8CMW9I	1.0	0.7957436939597801
A1J61RTXRIBMP5	1.0	0.955461919988547
A1J6A9L4SE1P0E	1.0	0.489357345236806
A1J6E1IFBLCDBU	1.0	0.9374879575974111
A1J6PCLOF3JO3B	1.0	0.8814200792124086
A1J7407TZ8GYDU	1.0	0.7795408949624285
A1J7MHHVL54J26	1.0	0.6244387767946672
A1J7NHJHT9562U	1.0	0.8508754295943204
A1J7OIXQFXVQ7P	1.0	0.8226913872780619
A1J7PORAV44M4R	1.0	0.8092566771831673
A1J7Z7IIW6QTC4	1.0	0.84832031023124
A1J87SYB3JPQWH	1.0	0.8008453162481763
A1J882CNAPZCPE	1.0	0.8900586683180649
A1J91HN2BL0ANB	1.0	0.963456163208072
A1J9MBHX0NB53X	1.0	0.7061543993131024
A1J9MHDJEUZCPO	1.0	0.8715647292907255
A1JAKD0FEB0Y1F	1.0	0.9519767462137914
A1JAR67GIRZHMW	1.0	0.9309601785057611
A1JAUFP1V6R9Y4	1.0	0.9618680099687185
A1JAVEBKYINY14	1.0	0.8053173281314856
A1JBHFGWBZNB9Y	1.0	0.7186175272614591
A1JBOYG4CHS8B0	1.0	0.8256180241505764
A1JC3BKAP8FE7T	1.0	0.8030839209079579
A1JC9YO2WQIUVE	1.0	0.9384866386462521
A1JCDFDDZPOQHQ	1.0	0.9838812473176212
A1JCEMSNJJH4K	1.0	0.9590931164981131
A1JCOF891H68OJ	1.0	0.8628158740090007
A1JCPZJEGOQOUX	1.0	0.8634106994420147
A1JCR8TU4L4O5X	1.0	0.9042774926003224
A1JCXVD6H8FSRP	1.0	0.9142056261159537
A1JDMYLWR62TJS	1.0	0.8028665510678
A1JE2OQCZ4FT06	1.0	0.8784216595855415
A1JEX6OBMK0GKA	1.0	0.7234624150234563
A1JEXW00T7SMUJ	1.0	0.8957663768917079
A1JFXUCXT356UK	1.0	0.6423887874115468
A1JG5CUW19D45	1.0	0.9107011130561637
A1JGBKKLM2CUWM	1.0	0.948374022729289
A1JGDKZGCBHARU	1.0	0.9571262280992784
A1JGUQOPJKREZ0	1.0	0.9820349124606718
A1JH5EKCDJPXSH	1.0	0.9092897757158019
A1JHP1GP7FKVR8	1.0	0.9198066309315056
A1JHQS2G4EAC34	1.0	0.8929710268805154
A1JHU0LBS29NYD	1.0	0.7723968659451417
A1JL67QRWOM674	1.0	0.7899173021261596
A1JL9ZFPV5M6CW	1.0	0.8621069557782405
A1JLAINPVEGRRN	1.0	0.9165616783253808
A1JLFNLQ1XE1MH	1.0	0.7336585884613529
A1JLQJ178FHKTP	1.0	-0.17488826128144927
A1JM0IBV4MQD9Q	1.0	0.7314448102013121
A1JM88SQKGXAVG	1.0	0.5163791574364283
A1JMAIIZG6G4CC	1.0	0.7860787419114028
A1JMR6MVOIC38K	1.0	0.9374982555954777
A1JN8TZDMG8Y2F	1.0	0.38188170981813
A1JNGYIVHHHH0B	1.0	0.6707167989272165
A1JOMLC9PBEYCX	1.0	0.6826863901879408
A1JOU1MS2BMR5P	1.0	0.9732771147410716
A1JOYRQX83B7F7	1.0	0.9083655466500867
A1JP319RVUFYAA	1.0	0.9468548499070016
A1JPPIRAZFDXS4	1.0	0.8499805782811569
A1JPS356TVJYD7	1.0	0.7701169191447648
A1JQJPK035U19E	1.0	0.9294122747656293
A1JQRNNXKAI3K4	1.0	0.9093592620401524
A1JRHL29A1ABOT	1.0	0.8767317433665026
A1JRHLSXP5Y933	1.0	0.9301847404931014
A1JRR5PL862Y9X	1.0	0.9524813036136718
A1JSD1LWHDCMBD	1.0	0.9619841890304249
A1JSRKI86FE276	1.0	0.976986726168587
A1JT5MUJ64KRKN	1.0	0.9017063808232278
A1JT9973SRIJ0D	1.0	0.9530306732409887
A1JTFX6YHRUGU8	1.0	0.8982749737956545
A1JTIJGBBFFX5S	1.0	0.9542896002715355
A1JTRZ2D5IIULN	1.0	0.7577305639098963
A1JTTJ7M7EC7Q7	1.0	0.8786698963728959
A1JUKS0DSO2XZG	1.0	0.9501848047818331
A1JUOAT2JNZG45	1.0	0.8563828793361872
A1JUUATVPDRUOQ	1.0	0.9399259307015526
A1JV3RTPWDDQGN	1.0	0.6664885949610511
A1JVBRO7B0D8KZ	1.0	0.9768306072624524
A1JVXGX49TKU1E	1.0	0.6868350538621205
A1JW1VKFDNNFWO	1.0	0.9379773623864128
A1JXGTCBVWVJRN	1.0	0.8462475191440864
A1JXLTQ5VWPGGV	1.0	0.8411686428615106
A1JY9D5QJRIE6U	1.0	0.861933578175467
A1JYJA9GTTZZ8L	1.0	0.856118432191477
A1JZE0P75SWGD9	1.0	0.8809111294274584
A1JZYWW8AKLNYD	1.0	0.8453694218737273
A1K0C1ZSGANM85	1.0	0.7426169157570445
A1K0DL0KWRCQTJ	1.0	0.9580205040200773
A1K11NGA1Y9BBG	1.0	0.891847927681374
A1K1DS7VHLX9TM	1.0	0.7799708741296004
A1K1ITCGZMUYF1	1.0	0.8867502827066315
A1K1UHZSETTTRR	1.0	0.8390930279583089
A1K1Z8XHZLATOJ	1.0	0.8617450118964307
A1K277W5QMJH64	1.0	0.8590669608752712
A1K2TON19LT6FN	1.0	-0.20130122546542004
A1K3SG4HTS36RS	1.0	0.7349163626010748
A1K3VZCHJNNATX	1.0	0.9487970728934463
A1K3Z9OA8TPR13	1.0	0.956514337057089
A1K4DNBR72Y1AV	1.0	0.8043162061908763
A1K5FDP8C5G5EI	1.0	0.8640594887409766
A1K61KB6TYQ0FJ	1.0	0.9043525604905621
A1K66NIS0Z67RP	1.0	0.896017919087433
A1K7KP9XK6A4VA	1.0	0.8232124639388164
A1K8CSVXQUE6HG	1.0	0.8965348777625394
A1K8ZDVUISGYS5	1.0	0.7749053832234752
A1K9IW99EFBZ52	1.0	0.9212975519981668
A1K9JBCD222HBG	1.0	0.926206682537624
A1KAKLCN9JIQ7D	1.0	0.957313489282921
A1KASPAAZ5P3Z4	1.0	0.8112788910663609
A1KB43BI085A48	1.0	0.7785022216208003
A1KBHQWJYKYA01	1.0	0.9039091009006935
A1KBIM0GO3H2W4	1.0	0.8202454968613281
A1KBRL115LKJ6J	1.0	0.9792691315509487
A1KC01E388AOIO	1.0	0.9794661019862652
A1KC6PZI4TGZ9W	1.0	0.7541381308124605
A1KCA1O8SPOE8P	1.0	0.309470059090759
A1KCA1Q1NREJQJ	1.0	0.8760002357451244
A1KCB19DANZUGT	1.0	0.8502876397450282
A1KCCSJH5TKNNJ	1.0	0.8875329221245369
A1KCUJOME9FQOU	1.0	0.6956003593996228
A1KCZO1JX0BX3M	1.0	0.9447492208038293
A1KD0VWHR8GCPH	1.0	0.7654488216856089
A1KDTCYUSEFDU9	1.0	0.9008170982280607
A1KE19CDYIO2YN	1.0	0.890083957708425
A1KE3JKK88L2UP	1.0	0.9243030542435982
A1KE7Z0SZR2K29	1.0	0.9701613889457719
A1KED00VJJ51XX	1.0	0.9697744941401568
A1KEL5OH3GTD9E	1.0	0.7091964662981285
A1KEW2WPW47B4M	1.0	0.7712997346631538
A1KF8SQ291JDIH	1.0	0.9159168033974379
A1KFMP73FTQLML	1.0	0.826057348228356
A1KFRAUWH75O1R	1.0	0.9187699585132357
A1KHJ490IINW9D	1.0	0.8793164168491391
A1KIC5S5D9O900	1.0	0.6218561395874669
A1KIFGYHBW12U8	1.0	0.9011313132871788
A1KISBM4ST9O3U	1.0	0.7138226432228286
A1KJ7I8WBIRG60	1.0	0.6443788743115924
A1KKGTO5BE8EYC	1.0	-0.18937219235063413
A1KKH4VANG9T5	1.0	0.8507159572819089
A1KKO8D6ZSNJLW	1.0	0.9075245560031395
A1KL1LT1M0F41N	1.0	0.866896340162847
A1KL466UI2W31L	1.0	0.888474668254696
A1KL5LQJUIP34W	1.0	0.8793305479589003
A1KLAFYDN1IK3	1.0	0.5993237773618852
A1KLCJ9FUKX21K	1.0	0.6554705014719922
A1KLIE6N3X38PC	1.0	0.9757921702592223
A1KLMC6FD2I92B	1.0	0.8932798054695661
A1KMGL94Q7MBO2	1.0	0.7382974656025084
A1KMSYUCPIE0NS	1.0	0.632184653912458
A1KMUC7LFFUQ04	1.0	0.4438330075640444
A1KNEDBYDHH6DI	1.0	0.9413734251439949
A1KOUDU6SHX9VA	1.0	0.8696089397705223
A1KPNJGO9HQBBV	1.0	0.8905145951981475
A1KQF28VTXWRMI	1.0	0.7083006833016663
A1KQP8WGAKLN8B	1.0	0.9571243383735925
A1KR3QNPTRMC27	1.0	0.959400998167552
A1KRG8YWJ5TSCK	1.0	0.8432826739370369
A1KRWR5D81AXJE	1.0	0.8454265606598836
A1KS4D0UJ23JZ8	1.0	0.8983555229783179
A1KS6P54RU1MMK	1.0	0.8828359140736661
A1KS6T1HFIDYMC	1.0	0.8761930717396331
A1KT2UXQFMP6QI	1.0	0.9531027383164291
A1KTSEE65DOQF8	1.0	0.8103805017459665
A1KU0TC2J73DMF	1.0	0.9039511614688382
A1KU6OJM14617P	1.0	0.9128315349291716
A1KUGRY83X6104	1.0	0.6932925608131871
A1KUWX08KMCNTA	1.0	0.8687675731586073
A1KUYD2KJSPHHQ	1.0	0.9660733203113405
A1KVXEAF421XHB	1.0	0.8331992540382053
A1KWS29QSQPESQ	1.0	0.6727768762491515
A1KX30LMWH6QX5	1.0	0.8730923358560143
A1KX6DEGNWDI6T	1.0	0.953183402140181
A1KX7ULHMWYE94	1.0	0.011408267128730812
A1KXBOLB427ZLL	1.0	0.8561842094948559
A1KXK4WR77CDHM	1.0	0.707273110834764
A1KXSZG2BZX2KT	1.0	0.9726803947414168
A1KY5G5FP31F2F	1.0	0.959048764734683
A1KYE26GEIWQ7P	1.0	0.7184303720087296
A1KYE7XTOCS53W	1.0	0.8246073133180633
A1KYELV8RBHDVM	1.0	0.9804591977334564
A1KYHC3ZXAJICU	1.0	0.9561210310370011
A1KYRUFP1DNDL4	1.0	0.89638116628257
A1KYXIBRJS2JE9	1.0	0.9381594177919884
A1KYYUZ7CJAP8C	1.0	0.8211785862549704
A1KZJUGU9UYPSY	1.0	0.9347319994846421
A1KZPPG5KTVST8	1.0	0.7696035583829722
A1KZX672P23OBO	1.0	0.8339153988950364
A1L05QJXHRBB87	1.0	0.8593981649107715
A1L0Q9MAROIMJM	1.0	0.8869497600256495
A1L0SX1QEOT8PD	1.0	0.8935658660465632
A1L0T3KRHRRYPM	1.0	0.9062905780370363
A1L0WWT51V91DP	1.0	0.20532245528106613
A1L13IAKBOU805	1.0	0.8767480048736204
A1L1537TZP81O8	1.0	0.8524605405125731
A1L19LZZD1XCPE	1.0	0.9608206684842592
A1L1GM88JCXGLQ	1.0	0.8362694624442807
A1L1NYH387VKGM	1.0	0.8863095291731612
A1L1RL7U7UYJ3Q	1.0	0.8835299197594798
A1L1VZ854S2FB2	1.0	0.9003811032369988
A1L1WRO1TQDKSW	1.0	0.8930096724548225
A1L22XB2GMFBAK	1.0	0.682964104047393
A1L2CU2S8R184K	1.0	0.7792418447171938
A1L3AX9934EP56	1.0	0.7767251046811575
A1L3C70K1GXSRL	1.0	0.39619614052930535
A1L3FJU4WU50QQ	1.0	0.8856581688952129
A1L3JFW2U2RCUS	1.0	0.9186303974178192
A1L3WBV2TZ1VXG	1.0	0.9048268003741424
A1L44NJJ9PEKJ8	1.0	0.9524821876299651
A1L46HSISUIDB4	1.0	0.9582013450793554
A1L4FX0E6ET7T2	1.0	0.7173507271957559
A1L5C5FV7N4G02	1.0	0.8114587479777682
A1L5M4HDWYH91H	1.0	0.43127703291019304
A1L6D7HJ11Q4UW	1.0	0.028109270340606046
A1L6T9DHFWTNDU	1.0	0.9525610949713698
A1L6V03YBQ8UK0	1.0	0.9100654407230544
A1L74C63Q730LW	1.0	0.931054788509659
A1L83ZEYJKWLJI	1.0	0.8368743366228335
A1L8FZAMSG73HN	1.0	0.6469012010500305
A1L8HFIWEMQGYB	1.0	0.9239183981773293
A1L8XWTLC7JKWR	1.0	0.7523461794256017
A1LA3EM1PCBFZ2	1.0	0.9536203629957231
A1LAD0SAAH8VYP	1.0	0.8113746988504498
A1LAFNU6WIIWZ6	1.0	0.8296626753982381
A1LAW35XZ4AKZF	1.0	0.973481601481388
A1LAZ8FX5GY802	1.0	0.893477034367518
A1LBZF8G8DD9YF	1.0	0.7834432390935635
A1LC5TGVJOG8YB	1.0	0.9494550484083769
A1LC8EX0YB5J0S	1.0	0.841757148585858
A1LCBS8OD88DGJ	1.0	0.7052229695563322
A1LCS1AM1DNWXC	1.0	0.9585382631018975
A1LD4ZHJ32Z7GR	1.0	0.946304790130234
A1LDMDMUBJSUN4	1.0	0.8956956263390421
A1LDSKH5QADFAM	1.0	0.8560631495590325
A1LDU473TF2N1J	1.0	0.9162632940349004
A1LE9N9CZLPZ7Y	1.0	0.9144663821541226
A1LEGW2JRMZ52C	1.0	0.8909166417813645
A1LEOCJPSOKYQT	1.0	0.8679252421843573
A1LEQ6NHCYBZUL	1.0	0.8467124453763902
A1LET625A2VX41	1.0	0.7229129823374502
A1LETWUM0SDB8D	1.0	0.8161083800306322
A1LEYLI0BCE0YR	1.0	0.9464419364314568
A1LFF7CJ42IBAH	1.0	0.8786165877047674
A1LFIPE9VYQ9PO	1.0	0.8850102173317698
A1LFNRIBRJ8LG5	1.0	0.8935908215463833
A1LG11VGFDAFY	1.0	0.9373783806528613
A1LGGZXCURHFLC	1.0	0.8627723472972584
A1LGIRQ1R8DSLM	1.0	0.9871756157223872
A1LGLT1LS92GAI	1.0	0.9737277362258759
A1LGPVPAELZLTV	1.0	0.9109578233854474
A1LHNNKLJ5LNG5	1.0	0.8660601978639596
A1LI8I9T1B7FRG	1.0	0.4042716694635453
A1LIO1CETT3TRB	1.0	0.8460377412145821
A1LIX5FCM49JH3	1.0	0.8929685668772492
A1LJ1C0QOK68RB	1.0	0.8736011689917657
A1LJ542WT0MSR5	1.0	0.4871989694391269
A1LJQRSA843F1F	1.0	0.8416809157914716
A1LJVQG6R73IB6	1.0	0.9443274304820358
A1LK93UGT77CGH	1.0	0.958678319779499
A1LKCGKFIED2F2	1.0	0.9652860389202215
A1LKUGGGGG4966	1.0	0.9704583006227969
A1LL5LA1L2UIKU	1.0	0.9360533604530403
A1LLH5TJI7GQC3	1.0	0.9500202102514549
A1LLR0PIT6V3YC	1.0	0.9042737731916948
A1LLTSDOXRU6U6	1.0	0.7844997106857265
A1LMFZSJ5C1GJP	1.0	0.8814973474323223
A1LMH3D9Z7IW1H	1.0	0.9353940056513325
A1LMUCJ1Z38VR7	1.0	0.9511659667049374
A1LOA4KCVVK6QG	1.0	0.7273474282656294
A1LONDA25144EX	1.0	0.876347623406089
A1LOYGATDTIEZQ	1.0	0.8566666116185871
A1LP2B0BKS3VFS	1.0	0.6808809762161511
A1LPRXPMZ9WPBD	1.0	0.9589322039725304
A1LPYW5WXUPXKY	1.0	0.7577803344452215
A1LQ13OIY8WUT0	1.0	0.9771067970270915
A1LQP1VQSLY4I8	1.0	0.9365987673608833
A1LRFPB6L2VX4C	1.0	0.8745263972431742
A1LRS1JGPULB5G	1.0	0.9022845611264892
A1LRW5CVLWD1OE	1.0	0.6882447078041912
A1LRYOERF3PWXS	1.0	0.8948574537114695
A1LS4RNDH9S2CG	1.0	0.8200134215736662
A1LTE9Q1MI8Q9K	1.0	0.7542299652340547
A1LU39GVY9QVC6	1.0	0.8005239455947774
A1LUGVFDKPE7N7	1.0	0.7833686881284196
A1LUHPZ2UK58MD	1.0	0.7810208092601256
A1LUNBWA1T086K	1.0	0.7989523136517088
A1LV6ESMUCGPKJ	1.0	0.6967271717217417
A1LVEPRENTHRSH	1.0	0.7956583157678412
A1LVZI3QBCW9A0	1.0	0.7932089680378398
A1LW0G97AIJ0PV	1.0	0.9207048463355075
A1LW7W36O7ELD1	1.0	0.9139724491842312
A1LWHOW9NL0I6R	1.0	0.6379309511187221
A1LWMDC7UFQ5RW	1.0	0.9422614388176894
A1LXFCYI0UDJLX	1.0	0.8797147661397419
A1LXHU4C6M851V	1.0	0.9511422805632447
A1LYI2GAWGU41S	1.0	0.8453720559002806
A1LYM4PTMWA2KP	1.0	0.9319090725555377
A1LZ8B9GYLTNS1	1.0	0.8746180503520998
A1LZI8DHP269OI	1.0	0.9492667265666038
A1M07ASH8MDEBI	1.0	0.6890452908081585
A1M0L3S41QW8A8	1.0	0.8083408088421672
A1M0OAGTV212R7	1.0	0.80706230065837
A1M0QCFFXLEPJ4	1.0	0.8149798526765214
A1M11BADP37BKF	1.0	0.957614456610624
A1M13030JH81Q7	1.0	0.8915218254639407
A1M15368R22R28	1.0	0.9160388921970918
A1M18O3WUSS6UQ	1.0	0.9231483043382206
A1M1FQQGJYYP3F	1.0	0.8167816642276496
A1M2RJCVUU3LRZ	1.0	0.9574484646945464
A1M302NZNOHI8H	1.0	0.8858486801243258
A1M379MK8MKGUF	1.0	0.8678702505485097
A1M3F4G45OXRDI	1.0	0.8680871474199116
A1M4SUEQAY9ZRH	1.0	0.8885609455680552
A1M53GAFW3TG33	1.0	0.793314357070127
A1M5CEZHT42YUE	1.0	0.8548397062533613
A1M5UZBCC91V7U	1.0	0.9274465141906223
A1M6FMJ0EH6R4S	1.0	0.7657910505373073
A1M6L7ON4NNDXU	1.0	0.9724219154038636
A1M6LSX0YLDMU6	1.0	0.8386739545166962
A1M70V5XQ8S7QE	1.0	0.9321060826556773
A1M7AOGPDXASPM	1.0	0.7945792330766281
A1M7C6B91RUE3K	1.0	0.7005451845940498
A1M7IOFN27DF9C	1.0	0.9021890256665092
A1M7L82KTVKKL3	1.0	0.8990868823146452
A1M7ME2VWAOZUW	1.0	0.9288746067566824
A1M7Q2Y93E2ZBZ	1.0	0.5130181648306575
A1M8AYAL3L8ACP	1.0	0.9341216660990261
A1M8N4Y8ALU4BM	1.0	0.8822696565755614
A1M8RK92SP2NK3	1.0	0.9620269304413022
A1M8TBKJOH1IGF	1.0	0.9248110194668095
A1M8VAR3XFONBQ	1.0	0.949165659520385
A1M9WSTQ1M7IGX	1.0	0.9094538720440501
A1MAHON3RNXQBH	1.0	0.9523681395977934
A1MAKB0RRC8TZ1	1.0	0.7783457603157851
A1MANHBDJW3J9G	1.0	0.9783044735304934
A1MAYA1D2B5HCN	1.0	0.8442482519272045
A1MAZQUR7WF4	1.0	0.9284838957695146
A1MB666BNUY747	1.0	0.9515086779028279
A1MBVUJ18DKA55	1.0	0.896912504632645
A1MC71UL61U5OO	1.0	0.7792806759049828
A1MCDEWNKHHRZV	1.0	0.8080686986589947
A1MCGG15S5IO8B	1.0	0.8116820879254238
A1MCJ0LH5N330H	1.0	0.9121811541138868
A1MCQLJGZ2ODCK	1.0	0.8263804315147357
A1MDBBV8CWPR9N	1.0	0.8880970632404894
A1MDBCJA0AH3OT	1.0	0.7812964532776913
A1MF1BHMEMODEU	1.0	0.73310226472629
A1MF4HMT0DW7HG	1.0	0.4609847785073175
A1MFU0HHKWLI06	1.0	0.8680498236884794
A1MFUAAGOS2KH3	1.0	0.8384485566519724
A1MFWFMMPABBSF	1.0	0.8871688691177252
A1MG6RCVAUDDPU	1.0	0.9226847109368637
A1MGAZQHQWD8AD	1.0	0.8210619286875496
A1MGJX4VSO7WMY	1.0	0.9409851987259058
A1MGXL78ZWL9P9	1.0	0.8088369792789961
A1MH2UFS3ZO090	1.0	0.983222373636668
A1MH8L9TVKMYDN	1.0	0.9047410839259244
A1MHFO1841U6X7	1.0	0.5726839249099883
A1MHR7WZ3BLLC0	1.0	0.7911226209039002
A1MHVREPQ5CQJS	1.0	0.9041066319619026
A1MI2IF4VJ418U	1.0	0.947737491640754
A1MI46XAY6E12J	1.0	0.8828531662405766
A1MIIP4ZH4VWYE	1.0	0.5441417967527489
A1MIYWGVFLVLM3	1.0	0.8469282907913007
A1MK778QKLIJEH	1.0	0.8763160539807522
A1MKB7MUCRJK7L	1.0	0.9035978307812129
A1MKHUO4FLQWW9	1.0	0.9025771047128162
A1MM29760FNFVA	1.0	0.7924679732485724
A1MM2HEY2NTVTS	1.0	0.9012409777090795
A1MMT81GKL43LV	1.0	0.8664737581553205
A1MND3QHN446KD	1.0	0.7996038267377223
A1MNU9CWDMJ67C	1.0	0.9079360850173799
A1MNYP1E1TR6L0	1.0	0.9654800892528805
A1MO5FAZCNXZNJ	1.0	0.936748126628493
A1MPEG5S1DNI52	1.0	0.7441745844750273
A1MPPC9OVFWRQ7	1.0	0.9762805474856849
A1MQHBOLQNMRAY	1.0	0.7594268322977521
A1MQUAE9M9SLAM	1.0	0.8076342358358067
A1MQVCGG7A0YZ6	1.0	0.025909080488306147
A1MRPX3RM48T2I	1.0	0.9683740633142466
A1MSA79F5J0KXW	1.0	0.8474181752737087
A1MSD57MUPHNX3	1.0	0.8235537297621625
A1MSO3EK95SVCF	1.0	0.8421031767834974
A1MSUVQZ3KJ4O6	1.0	0.9241995984842389
A1MSWWUN020KK4	1.0	0.9527825060384707
A1MSZFLXDY2LGJ	1.0	0.8937319603619626
A1MT5M4HLF2BMA	1.0	0.912573648892197
A1MTVCGAP6CBJH	1.0	0.7781833322379349
A1MU7NOSJAGYTT	1.0	0.7756281320022078
A1MUFB89WRL7A1	1.0	0.9219612681560478
A1MUFN2RC4E452	1.0	0.2897973777005925
A1MUV17IWQR75S	1.0	0.8750436089389425
A1MUWA9XLVI3YQ	1.0	0.5662492062140109
A1MVH1WLYDHZ49	1.0	0.9292587030577769
A1MVLJ6N2ZZZZK	1.0	0.9794137799993028
A1MWD7V7MPLG26	1.0	0.7535902694138286
A1MWJCJMJRT0AJ	1.0	0.9375456216414368
A1MWNG7EU6Y5G6	1.0	0.9412120604954509
A1MXDMQCUMF1OJ	1.0	0.9802337895714041
A1MY1UBRS4IKSF	1.0	0.8556110062228901
A1MYLPCML8V4KT	1.0	0.9011689478570204
A1MYLVHG0D6BMM	1.0	0.8079259072163201
A1MZ6N20ZR3T00	1.0	0.8680775224143251
A1MZHVP051VHVL	1.0	0.6395485278048856
A1N0FCVI3PGS9D	1.0	0.949361493789288
A1N146DKO9FYAD	1.0	0.6161597510060247
A1N19K0CDLKTU4	1.0	0.5652008646118339
A1N1KNKPD9YTGC	1.0	0.9611654281879891
A1N3OW9DH1GE2Z	1.0	0.9746399546577167
A1N3ZBC7S9WG37	1.0	0.8144856072847092
A1N41QZ31UKLMH	1.0	0.5653862147101599
A1N4ZENFZ6NE55	1.0	0.9131937618600852
A1N50YHLR4IWUY	1.0	0.8085704113338875
A1N5FSCYN4796F	1.0	0.9400125668271156
A1N5HHCFDIOFJI	1.0	0.36836886154083204
A1N5JM9QQ3JFSS	1.0	0.874355448505473
A1N5PQIDNWHWSM	1.0	0.6950916709987314
A1N66MGWVAHTA8	1.0	0.6998145422263394
A1N675BKEAPMGD	1.0	0.5682111473793682
A1N6UKBWNT4LX8	1.0	0.9733865734243189
A1N6Y4KF29ZA97	1.0	0.9717157367209615
A1N85PJ74C1WLZ	1.0	0.9088642752018697
A1N88B7U13S100	1.0	0.7671908516676404
A1N8KLT7H2BTJ7	1.0	0.874941738155517
A1N92SDBF8HZEB	1.0	0.40126662560254917
A1N96MRPYMGBIV	1.0	0.9299492206439481
A1N9KYVO2IHBZ1	1.0	0.886151970394237
A1N9TTRB2QB8NB	1.0	0.2260076673426755
A1N9YUDRU7NV8X	1.0	0.9137849627436033
A1NA5N7HDNYW1I	1.0	0.8711360882237502
A1NADGMAR6GQW1	1.0	0.8637950562917007
A1NB2R4YI2XIA8	1.0	0.7055636660943766
A1NB9WCNGG1C1F	1.0	0.8245847501647113
A1NBLRJQINQWJ1	1.0	0.8589317729462582
A1NBZGHKMQFP41	1.0	0.8741150606967346
A1NC1CS97388TZ	1.0	0.894631777404354
A1NC5YN34N5VRX	1.0	0.5606613487456705
A1ND57LZP5C7M4	1.0	0.9333545462037687
A1NDBM0KCDCQW	1.0	0.9539626310359396
A1NDKH5MGL8MR1	1.0	0.6874910839962409
A1NDQZ73XOOX2N	1.0	0.9308314462487438
A1NDRSR46I7AIT	1.0	0.6465222663968618
A1NDUWSM5UV6OI	1.0	0.8129512923846804
A1NE2JUSFIODIP	1.0	0.7007264582222215
A1NEXK7O36ZMU8	1.0	0.8239966036886491
A1NF25B6AZX54B	1.0	0.8145277974630127
A1NF6UMPRMFFC0	1.0	0.841560662055983
A1NF8KHPO7L8TI	1.0	0.8333271235449654
A1NF9WS7RR82MX	1.0	0.9055130298704982
A1NFEAQ05WHQ60	1.0	0.9413035271123767
A1NFL8WCCBFGHT	1.0	0.7641405622007461
A1NFV77INYC4J8	1.0	0.9401582213960229
A1NG7NU5NO86M1	1.0	0.8554387749401983
A1NG9EOAH4NIEX	1.0	0.9293309533377108
A1NGCZOGNNRHW9	1.0	0.976986726168587
A1NGG4Q2ZSRI4	1.0	0.9331407433693395
A1NGH5TYHUXKXB	1.0	0.9845401209985744
A1NGK2UCWLE0I4	1.0	0.9510095174531017
A1NH8FPXSP8VND	1.0	0.7587121963512531
A1NHHJ7EHNCU13	1.0	0.9497942618563368
A1NHOO6HXE7QSW	1.0	0.97373966276577
A1NHXH83H9Q5TB	1.0	0.9715596178148268
A1NHZZECLZ9KOI	1.0	0.8344357980422309
A1NI2VRTLVGBOT	1.0	0.9410331256475055
A1NI2Z40OTQVA0	1.0	0.8607540913579231
A1NIFITM7OQAHY	1.0	0.9525610949713698
A1NIP4D73CQI79	1.0	0.8494744127495006
A1NJ4HWO1NJWH	1.0	0.9108963269030624
A1NJ5WQW2UXWQA	1.0	0.9595083617667803
A1NJ62VWPXKSH8	1.0	0.9841870316571233
A1NJH2VUXKZMS5	1.0	0.9768737519710279
A1NJSN12SA449U	1.0	0.8356837542345643
A1NJUSOWLOTDN7	1.0	0.9223252643681972
A1NK05RSX2VZY1	1.0	0.8430653199689682
A1NK4G6HBOOH74	1.0	0.8861054262323457
A1NKB1G7WTTWK9	1.0	0.9131937618600852
A1NKC3FZQNY45V	1.0	-0.1864985115433483
A1NMDC7Z5TXRQG	1.0	0.7621869571918221
A1NN3CVQCPMO6H	1.0	0.41996027004637115
A1NNOPXH7PD024	1.0	0.9435022303660329
A1NNR2WQ6OUSDG	1.0	0.9402759228514622
A1NNSHO2QV6CH2	1.0	0.9421513330143901
A1NO74JFBLP9PO	1.0	0.6746117176682026
A1NOVA7B6P2C6W	1.0	0.9338282114717956
A1NP3W5IVI2RF8	1.0	0.9485586057539721
A1NP4RUJDJJH96	1.0	0.854719164775532
A1NPR1SQ7URHJL	1.0	0.761303481928042
A1NPTQTAYO51XW	1.0	0.955461919988547
A1NQ261IUC3GBE	1.0	0.9201006187968851
A1NQ912X7PK7U1	1.0	0.9571366442259003
A1NQFV0KQPM366	1.0	0.931437620160493
A1NQMFCC5FJCPX	1.0	0.9280071029683234
A1NQOJEXEAX0PS	1.0	0.8195638778467006
A1NQTPFZ654XYQ	1.0	0.7786745735840088
A1NR98Y1II21PZ	1.0	0.8295570139956997
A1NRB6Y50JW1ZI	1.0	0.6961748121156734
A1NRJ7B0W7W0BI	1.0	0.9160233504160452
A1NS9WO1VACAUN	1.0	0.8182994606370158
A1NSESX4NTUF47	1.0	0.8685962509967603
A1NSHYIFGTV3PX	1.0	0.863511000037266
A1NT1CF17KVUWC	1.0	0.9082067277326336
A1NTNTHE19LQ8H	1.0	0.6824331290424026
A1NU4477B9VU	1.0	0.9558255351699924
A1NV8F2FGZPZIV	1.0	0.9723273053999657
A1NW8YA13CF0TT	1.0	0.8963113757294144
A1NW9MUO9N09US	1.0	0.6785149623626932
A1NWA695SU4SPS	1.0	0.7407019662063307
A1NWB94VZL7EIV	1.0	0.7834326513413675
A1NWEI0HJPOZHN	1.0	0.8817049268094937
A1NWHDUUV9V7VT	1.0	0.9152412779782558
A1NX6Q69CGSKWJ	1.0	0.9270172441558914
A1NX8E04PZG7TO	1.0	0.9740078784803493
A1NXIEVN6CQXPY	1.0	0.6660666044417752
A1NXS3QF86DO0W	1.0	0.8981667690610331
A1NY305D1WAUGL	1.0	0.8300594155508114
A1NYNNETB8MQAD	1.0	0.7374535699484369
A1O00HPJ60OU2K	1.0	0.7623446349380446
A1O021PDE0HMNO	1.0	0.823394404405153
A1O0KSS3S96N8L	1.0	0.892246905704745
A1O0SX1ID11J0M	1.0	0.8291059648785001
A1O16J4RN90W3H	1.0	0.5868359010290629
A1O1NPXRJ0928X	1.0	0.7062741954933849
A1O2MW1KW7J22A	1.0	0.8951092917343123
A1O2OYBX9U1RAG	1.0	0.8780487800817357
A1O36GK0U01MLM	1.0	0.9049053882309516
A1O3CUI0OSPDNN	1.0	0.967553050194545
A1O3PKMZLBRUQN	1.0	0.8505509791047126
A1O3WNSARZFAZD	1.0	0.9492780898365637
A1O440WOMI8CGN	1.0	0.5709225522685679
A1O4R4MT7D2R6I	1.0	0.9511659667049374
A1O4YO6X50ZK53	1.0	0.7719251584894349
A1O5TM5TD4VR1K	1.0	0.8641241657893151
A1O5XT689XEAKC	1.0	0.3277985614794104
A1O66GFVB3XTRY	1.0	0.6488051664168007
A1O6HQY3JLU5JG	1.0	0.7615944094099137
A1O6UJHB75QCAE	1.0	0.9728773651767333
A1O7Q969VFF8QA	1.0	0.7106692642093049
A1O7R2YUQZ782N	1.0	0.8990765984062382
A1O7YU8YN9X71K	1.0	0.7982415047329063
A1O8B03KH8AXH5	1.0	0.7032138608546415
A1O8MV9SLICC65	1.0	0.7000139540844228
A1O8YLV4V0QBFH	1.0	0.9051019793811279
A1O90V9J864L7N	1.0	0.9290308624648503
A1O93S8Y9GOS6N	1.0	0.604599219485631
A1OA2QI4DYVC9V	1.0	0.9471587671325239
A1OA77KY86NC42	1.0	0.8458490567893969
A1OA985D9JKLGI	1.0	0.8391720707975119
A1OAZ3Z7L8Z88W	1.0	0.8539732152240124
A1OB1N267LNUIZ	1.0	0.835060340385917
A1OBNCS1F55EVT	1.0	0.8904515288408882
A1OBQ5I31GW1TG	1.0	0.9644472025835548
A1OBTQ4VQBGOJ	1.0	0.9633542402532711
A1OBWHGVBWXLYU	1.0	0.9526557049752676
A1OBYACTEXDKN3	1.0	0.8933448945124598
A1OC8BHJ1COR1O	1.0	0.8512847104503942
A1OCF80KNYKTSU	1.0	0.8617109498606211
A1OCJW34G4LJPA	1.0	0.664230537628882
A1OD01D46M7A1H	1.0	0.6556143141082436
A1OD0H9E5Y1PFL	1.0	0.7391620743649548
A1OD37I2GWR43B	1.0	0.7391874208680324
A1OE2L4S9QNN6X	1.0	0.9598762680528495
A1OEKP3EWO5Q99	1.0	0.9812930575957574
A1OFVYFPAAXQTI	1.0	0.8613756945804466
A1OGJZ5TJMY73H	1.0	0.9326455252751642
A1OGKUW6X9LVT0	1.0	0.6547956397533655
A1OGLV49XQ41F2	1.0	0.8555969643348239
A1OGQ9359GZN72	1.0	-0.2605966359856487
A1OGZ5BBG9MQI0	1.0	0.7448409851896585
A1OHAF0U0SMHAR	1.0	0.9568490887779957
A1OHEAMWM8PKAE	1.0	0.9226042628935528
A1OHN08Q48NC7O	1.0	0.7925839356139669
A1OHSJGLPLKTCJ	1.0	0.7283226655921534
A1OHVSA3B6IR9B	1.0	0.8930216235140417
A1OI92E32SOMBJ	1.0	0.8658242767801596
A1OIFXVPJN2YXD	1.0	0.7803368336966994
A1OIMWFHHCY4BV	1.0	0.8701912587787285
A1OJJ9DSU47IPJ	1.0	0.9528191959594658
A1OJYZQI95U5WB	1.0	0.8032912722009816
A1OKEI5TGX2RG2	1.0	0.7346295569760194
A1OKLAQJVFREOQ	1.0	0.5992194204566382
A1OKMI99CPE5MF	1.0	0.26796837682003577
A1OKPC1K12YZEP	1.0	0.8412466608046912
A1OKXGJHQTYVHG	1.0	0.4458849932600615
A1OKXLVH7WDAA4	1.0	0.6500451526033242
A1OL79US7TQMTF	1.0	0.6947570672233959
A1OLF7JAVB69B6	1.0	0.9027406502161596
A1OMDBLOZ7KZZP	1.0	0.9302420732829649
A1OMDBT9DDFQRH	1.0	0.845963044017048
A1OME09OAZJH2F	1.0	0.3952188285730165
A1OML05BTJBEKS	1.0	0.7956985012804659
A1OMLZJXYDC9FX	1.0	0.9331981878373719
A1OMMTICU7906N	1.0	0.9320977301143498
A1OMY6CD1WX9RR	1.0	0.930075240247636
A1ON8EVD9SLM2D	1.0	0.9313948849309419
A1ONCPHCQIWQN7	1.0	0.7438745315509856
A1ONUF6LB72IYE	1.0	0.7177368900349824
A1OOST2U853BUH	1.0	0.7944926107160134
A1OP8DQ4PTQITR	1.0	0.9349758563563692
A1OQ2YGORIGLK3	1.0	0.9628427388903297
A1OQ66R7ZI2GEW	1.0	0.7775013887272503
A1OQAYPD9PA3IT	1.0	0.80629113779976
A1OQWHNCXNOP1S	1.0	0.8536740623471109
A1OR7PTQBLX8T0	1.0	0.5977118527242282
A1ORE5MC92BIA7	1.0	0.7181949845639475
A1OS30OQKMF3SM	1.0	0.8284795741005275
A1OS6VMF00QIOK	1.0	0.9139650016422166
A1OS8JVHWFBRLV	1.0	0.9626315618652183
A1OSWLY7A1T6MD	1.0	0.941583860459376
A1OT2LJS1NBWRA	1.0	0.7969275843953708
A1OTBUCLTFKLQU	1.0	0.8589016503542647
A1OTC9I35U0TXT	1.0	0.8608011525946655
A1OTNT6JADL3LL	1.0	0.95487685056984
A1OTSM2Q5XGFOW	1.0	0.9318683798645024
A1OTTAN3DBJC49	1.0	0.9162977137069225
A1OTWC2I3LEO2G	1.0	0.6988282892559535
A1OTWKSJ933COE	1.0	0.7779908297654698
A1OTXBXOLN2NY7	1.0	0.42354641955322836
A1OUVB2J6LBI7Q	1.0	0.7262860493005743
A1OVEHE3E81PIT	1.0	0.8783383820621437
A1OVFB84MRGMA0	1.0	0.9288416424570547
A1OVV1P68GS975	1.0	0.9204861959909288
A1OW31QH0S523Q	1.0	0.9299009104814079
A1OWKBGSUZ3AUP	1.0	0.9762805474856849
A1OWP0WIYJELAS	1.0	0.9384943403397473
A1OYBH8H1RMLEP	1.0	0.9511659667049374
A1OYQKS3CQ4HWH	1.0	0.9614624810386527
A1OYW08VVPMP3Q	1.0	0.9096861202918289
A1OZ0E6FIKFBRU	1.0	0.9076803037620264
A1OZ3NEE9NR594	1.0	0.9812286914672487
A1OZ3R75S8NAYD	1.0	0.8330060642525025
A1OZJKMNTB0Q7S	1.0	0.6951806283777441
A1OZMQZFK5SFBR	1.0	0.9087152212722553
A1OZTG654RUIQW	1.0	0.9331868690337057
A1P08A3G1VUBVD	1.0	0.7797281488387446
A1P097GD6WMEBI	1.0	0.9414075473971143
A1P0JB9YQG1HFA	1.0	0.9213271427765481
A1P1260VVWKDRH	1.0	0.9503165849974586
A1P1CZ0Y98P4QS	1.0	0.7673551239864274
A1P1OXF1OL6DTS	1.0	0.6979535707467509
A1P1UB5O2BU116	1.0	0.8232162062078505
A1P1V7D6XCRNSI	1.0	0.9419025517444122
A1P1Y27488LQ3I	1.0	0.9072271011590527
A1P39P746RXP66	1.0	0.9442818769227096
A1P3BL420E5B1O	1.0	0.9730527388391156
A1P3H3DODU5EBP	1.0	0.525289235349825
A1P3SPJ15O5RQ1	1.0	0.6279860374875339
A1P3U1E4KRHFOL	1.0	0.9323114768693294
A1P3Z7Z4NTZGQR	1.0	0.8556110954445852
A1P41TBZBOLTY1	1.0	0.8930046795507863
A1P4A59XDVITQ2	1.0	0.8360933266973806
A1P4N37XIIJ8PN	1.0	0.9517989153906065
A1P4SFL8MSATLQ	1.0	0.9143793780388221
A1P5732PB6K4M7	1.0	0.7804558577818164
A1P5LWYK98MXL0	1.0	0.9131669428496315
A1P62KEA7C5NU	1.0	0.9111906744033089
A1P66GJ6VSS2E2	1.0	0.7666381206472591
A1P6AUNOM673KW	1.0	0.8036268313006834
A1P740CQ8RIBZG	1.0	0.8535487147710431
A1P7C2EJPBNPF2	1.0	0.664350543949345
A1P7NXOA3PYB0W	1.0	0.900298899840463
A1P7S245622YEE	1.0	0.45850411168383803
A1P7TIPH526PA0	1.0	0.46416999900675865
A1P874AEPJG2SY	1.0	0.9015473878726118
A1P8K7Z2MH7N45	1.0	0.9710990573390059
A1P9KGLZ6HKJKX	1.0	0.9746399546577167
A1P9PG7KCYX50S	1.0	0.9655209407820625
A1P9VHJF3M46C7	1.0	0.9373770721033029
A1PA7Z4K369H8J	1.0	0.6386153979166648
A1PAMUKF5TB9QX	1.0	0.9794661019862652
A1PAQA3BCQ8YES	1.0	0.9418261607025422
A1PAS5FVWNB07R	1.0	0.91145193083179
A1PB4HWA042JG3	1.0	0.7308247216973904
A1PBFW73YXL7OT	1.0	-0.1888406988866633
A1PBIKXBUBOJK4	1.0	0.8289497225802466
A1PBK25WOPM6QA	1.0	0.0226407865399675
A1PCC4CQBS55DR	1.0	0.8666590016116696
A1PCLGB8LJHR95	1.0	0.8441341639721176
A1PDHX3LXNFQSD	1.0	0.9730527388391156
A1PDRPES631UB9	1.0	-0.18265898988147086
A1PDT1KYPHWARK	1.0	0.95171148882101
A1PDTI0HQUN10J	1.0	0.7213758813255503
A1PDTZQMXAJLT7	1.0	-0.09984916046994494
A1PEREM420IQTC	1.0	0.7092975562974603
A1PEWMXU1HNRUE	1.0	0.9403029341007471
A1PF83BM24Z3LP	1.0	0.9199703889803574
A1PFGTMTGS6KGA	1.0	0.9448652729584819
A1PFSD5DTBYKLW	1.0	0.9191393709860148
A1PG0IQB3CP9II	1.0	0.9303061087069661
A1PG1VA2R49ISJ	1.0	0.9266049171801399
A1PGC1GEBY9CZU	1.0	0.7810976483947504
A1PGNEIHKKAHFL	1.0	0.9291728894447105
A1PH0SIPRL5J5Z	1.0	0.9093458118286897
A1PH1V02U1TR44	1.0	0.9084033826304146
A1PHLZYNXAAV31	1.0	0.9207612008276979
A1PHWQ7HQG8EG8	1.0	0.7444376194541414
A1PIRSADYLJUSV	1.0	0.9766336368271359
A1PIVORKQ3V1AT	1.0	0.7861117037719236
A1PIWL7HQ3OCV8	1.0	0.9325542392335677
A1PJ4HTO2P3SOB	1.0	0.8072860396956045
A1PJOFSVTQRG1W	1.0	0.8478907527370603
A1PJP9MKDSGZPV	1.0	0.8103432727843624
A1PJVW2GSF73E7	1.0	0.8695427535308496
A1PKAVAMI35900	1.0	0.9697744941401568
A1PKGWWMC765WR	1.0	0.9364209463105975
A1PLJII7ROWAFR	1.0	0.9583016626886143
A1PLKP6LDDUE3Y	1.0	0.5753658895770452
A1PLQST2NL14B2	1.0	0.9266757260028609
A1PLX7O7HW809U	1.0	0.8544002772447449
A1PMO5IFFRHA7R	1.0	0.7527988910902234
A1PNHW8G7OI4ZJ	1.0	0.9114777980888586
A1PO9VNIADLB6D	1.0	0.7931779828247342
A1PQ1PESSO8CMO	1.0	0.8267355173298128
A1PQ250ENJ47EF	1.0	0.6152034475464868
A1PQNXFH9Q2KUJ	1.0	0.8568855980785575
A1PQQE03AWQNTG	1.0	0.7339629506608422
A1PR20Y5HBBIBR	1.0	0.9202509557926417
A1PR9PF2Y0B0DY	1.0	0.7581656098794392
A1PREFXIZPJCEG	1.0	0.7006201312521567
A1PRFQEIVYSWV3	1.0	0.8868882825067169
A1PRZNRV46T6OI	1.0	0.9535559968672144
A1PSM2RAG9BM9F	1.0	0.8448929943486637
A1PSMCVFBZEWEF	1.0	0.8944979587975629
A1PT07DO5NO9LQ	1.0	0.9467127870701544
A1PT407NLZY5RH	1.0	0.5528552065306709
A1PT65RG6WT0V1	1.0	0.9690802419971486
A1PTD0V4ZFWAQV	1.0	0.9314475964781315
A1PTWP1W6KC6DX	1.0	0.5492042777346823
A1PUIS1LQ2AW6V	1.0	0.801765950814851
A1PV5MC313Q3Q7	1.0	0.9558255351699924
A1PV85C09Z4OB8	1.0	0.8276116963582406
A1PVSU1576CASU	1.0	0.8266862937031658
A1PVVWCY6Z0F8U	1.0	0.9523098102507553
A1PW42Z2JRBXEI	1.0	0.8950981368121503
A1PW504CKM5HAC	1.0	0.9276957626489938
A1PWANJ4V0TXCO	1.0	0.7654906360374497
A1PWQMD4E8PNBS	1.0	0.9643830110400016
A1PWR1BTKHQ6YI	1.0	0.8756562096687193
A1PXBIJDNRTYC2	1.0	0.5764737495689195
A1PXD7WBWZFY03	1.0	0.9578991919700325
A1PXV89MLFHAUE	1.0	0.8600856509745093
A1PYIWO266DYNP	1.0	0.916341978707274
A1PZ190F5UC1TG	1.0	0.8470216343044922
A1PZJHZ2OKOX9H	1.0	0.93138317190334
A1Q01TM0GV6RZP	1.0	0.8704034371975141
A1Q05UBA8O3WUM	1.0	0.9281088980785838
A1Q0BU32CVOLRA	1.0	0.9662727579016568
A1Q0HY8QB4AG25	1.0	0.7464532199870533
A1Q0NMDPS8ASF6	1.0	0.9154310401745779
A1Q0RDHVXI6JF6	1.0	0.8717029675830001
A1Q2GLZXL2CNJ8	1.0	0.8615159653665797
A1Q3866AGRC20B	1.0	0.8232195214341904
A1Q3T8F0CTP2XV	1.0	0.9195442778994259
A1Q3ZJGN3FYKOV	1.0	0.9354633435662144
A1Q4ME7IBT7P29	1.0	0.7646029489299785
A1Q5BEVD3IF62H	1.0	0.9174286905673088
A1Q5E2QAHUHMCE	1.0	0.8972841842974538
A1Q5EHJC7H09QM	1.0	0.9618680099687185
A1Q5VBBM1XZCBB	1.0	0.9103273468370898
A1Q656MPB2EF20	1.0	0.9492010573709937
A1Q6MHDUPNV6P7	1.0	0.6778040667359114
A1Q6WSLCQZLUR5	1.0	0.677003060056184
A1Q7AF2OA9YI3T	1.0	0.8443309791910875
A1Q7CZBGYVGE7Q	1.0	0.8921540329633965
A1Q7KVHUDSXUVZ	1.0	0.8735641373771781
A1Q8CI9UMNUT0P	1.0	0.8879316178256698
A1Q8PMUXW8D1DI	1.0	0.7901313144791356
A1Q8U14KXIMDUL	1.0	0.9164098978148432
A1Q9G3Y3RC5OGA	1.0	0.9365511190416627
A1Q9RFYTAE8I72	1.0	0.9334343851706742
A1Q9WRO4LUQZEY	1.0	0.9139267873267064
A1QA6E7YUE77ZS	1.0	0.6861497918955287
A1QA83DYY3IU0U	1.0	0.9321831334498061
A1QAB04HGC1L6U	1.0	0.7559444596578442
A1QAE7Z9B114H5	1.0	0.9319603450540427
A1QARMNK3S0HEG	1.0	0.3861116536249502
A1QB69L4NBM1TE	1.0	0.8641081523899861
A1QB6T901AYYDI	1.0	0.9148159997457033
A1QBBI5BYRUN3S	1.0	0.708123973526893
A1QBJOWZG1PET1	1.0	0.8437614975880225
A1QBTF2MIZDBJ1	1.0	0.9140798250844041
A1QBWYXRHXGDZG	1.0	0.41278118313678297
A1QC9OFSQ210FC	1.0	0.8945347984664084
A1QD14QPAPSPT2	1.0	0.870155280967331
A1QD4R1C4MV3JS	1.0	0.9245098095486669
A1QDD2V7AWGPEE	1.0	0.8713705683365062
A1QDDXUZR8TJI5	1.0	0.9374730532247376
A1QDFV2RAGU505	1.0	0.8058584754207266
A1QDO3WDLEYXC8	1.0	0.8444619026394282
A1QDOS1ODOLH3P	1.0	0.8524713795880964
A1QE7MP2A0N06J	1.0	0.8365141223322047
A1QEBQ15BH1TYK	1.0	0.8818417975437571
A1QEOYCBPSMRA0	1.0	0.9379563147352709
A1QEWOSV05RYEO	1.0	0.7904586804906482
A1QEZDZMUDPQMH	1.0	0.9180031835934008
A1QFGHCBC2KXGS	1.0	0.8587251960481894
A1QFGRFVAO9S91	1.0	0.9178203259034465
A1QFY5RWTWGCPD	1.0	0.4601276929715539
A1QG13Q7GDJF4D	1.0	0.9054969133018406
A1QGM2N024Y417	1.0	-0.17814081805668716
A1QH11D4I7BNCR	1.0	-0.18576928623993003
A1QHNY0AOGAWHA	1.0	0.6429546786622011
A1QIGFZMTDF1XW	1.0	0.8966385796630189
A1QIIW7KTTCE5N	1.0	0.8587339650616267
A1QIZFFDOSBDTA	1.0	0.7991964078793619
A1QJ5AX049KOGM	1.0	0.8408070228770094
A1QJ6G5B7VRAYP	1.0	0.7828919250034525
A1QJSM2A4LZGXL	1.0	0.3698122828689624
A1QJY8E7WD4VV0	1.0	0.8533551048246331
A1QLC71XM7EBW1	1.0	0.9515086779028279
A1QM6YSI7EY2M2	1.0	0.912395151107365
A1QMCIOIR76FOG	1.0	0.9604675791428081
A1QMGCJIKQUOFF	1.0	0.8461288207155525
A1QMGS4VR5ANX8	1.0	-0.17581112452734435
A1QN8G5RCBPZBE	1.0	0.7989719347637468
A1QNEG0GOZ4E8I	1.0	0.7506687112806614
A1QNETIOMZ5CQX	1.0	0.9057006255462032
A1QNIAQ265P8PX	1.0	0.9674244834741409
A1QNLP1DQLVY92	1.0	0.9127858259362304
A1QNX4MVE9RLH3	1.0	0.9766336368271359
A1QO29GBXI2ZNR	1.0	0.9473902663075111
A1QOADDY34RQ9	1.0	0.6622917416596292
A1QOYWEU4UPUML	1.0	0.8825008602300132
A1QPOMNFR2Y3TU	1.0	0.7113113560756165
A1QQ78O8KXWH6I	1.0	0.9006773398560544
A1QQAPJJWWKYRZ	1.0	0.8805217240487464
A1QQSYIR4RYPMX	1.0	0.8569150736349812
A1QR06WU6N7T5E	1.0	0.9516592456213224
A1QR60N2ERXF40	1.0	0.8454609025422576
A1QR9CS347XKFC	1.0	0.9119213319112481
A1QREJX34KNYS1	1.0	0.8544405394160854
A1QRL7VKWN08HL	1.0	0.9404827516272057
A1QRL9ZS1SQSDE	1.0	0.9265067760162602
A1QSM4J5IKE4BQ	1.0	0.8092693145484386
A1QTSHJGGOGKOR	1.0	0.7804994958159207
A1QU9TXPPY8QMQ	1.0	0.8030947757452236
A1QUB9CPOPE2S5	1.0	0.856921243965257
A1QUQJX1P2X2UO	1.0	0.9291226849763805
A1QUSZ9E44QKM4	1.0	0.7995413268541784
A1QV6B7PKHNZSF	1.0	0.9694333313385998
A1QVVQFLT9P5Z2	1.0	0.8945253366450728
A1QVZEYU6V67F3	1.0	0.8832605998465614
A1QW7EP30UAWKF	1.0	0.8976270610294472
A1QX44DD1IJTL7	1.0	0.9705503636316961
A1QYS39H86RB9A	1.0	0.8997622446605433
A1QZG21L8TKSRM	1.0	0.9531111547481373
A1QZL5EFA4T4IY	1.0	0.6138606915996522
A1QZTLTAZXU77	1.0	0.947832414872991
A1R09VOIY4ULJV	1.0	0.9550122804316131
A1R0BQRI2B6X7V	1.0	0.6908913783676863
A1R0K15AGNHVFE	1.0	0.9580736883555829
A1R0MWEMRO9WCZ	1.0	0.9475938046729776
A1R0N9O58F375M	1.0	0.8332427589446068
A1R0RB4QVJFTWU	1.0	0.9517856569587102
A1R0VX4QJ1E7V	1.0	0.762986201685796
A1R0YOGSE6Z9TE	1.0	0.8339324633891151
A1R26UK3FQ8PCL	1.0	0.6963407247708079
A1R28LZDK3BYGO	1.0	0.8936171700331557
A1R38TTQCH98NJ	1.0	0.7455011944804611
A1R3RA4W9C4YKF	1.0	0.5965629483258863
A1R3YIJ5SNYI1	1.0	0.9683740633142466
A1R4HQIWADCTP0	1.0	0.7969377271755791
A1R4N457AE3902	1.0	0.9298316511516503
A1R526FPGP7JZU	1.0	0.7888244575414057
A1R55CN378HC27	1.0	0.3085054010703037
A1R5KQ5VM500X7	1.0	0.8601632544455136
A1R5LRANFH1230	1.0	-0.18105130679527395
A1R6C30VDRWKKW	1.0	0.94073433301384
A1R6IXY1YP2XSM	1.0	0.9742887440915465
A1R6KX5EXPNBO7	1.0	0.9075763566092052
A1R7F76G4IM5O9	1.0	0.9212189882973099
A1R7FZKGCUNDZP	1.0	0.955508188416532
A1R7G508YU05GO	1.0	0.858791811849026
A1R7IEYLALESKB	1.0	0.9521387463001612
A1R7KUJHO2EVEC	1.0	0.919384282260297
A1R7LDWNCMOUGU	1.0	0.9238310920769172
A1R8VKMP29VO4R	1.0	0.7899859295554114
A1R8YXMDPUNS8S	1.0	0.9684686733181443
A1R97SVXSUBGVI	1.0	0.8759724844666861
A1R9ANE5EPEXSM	1.0	0.9611737578257102
A1R9LXA9NEQRHZ	1.0	0.8965657374152827
A1R9OMVRWLO3PW	1.0	0.9287789022365068
A1R9QT3CM5FP1W	1.0	0.6806989000424082
A1R9ZJDZKIUQQ	1.0	0.885829029533633
A1RAEV1L3W5IFK	1.0	0.9331868690337057
A1RALQC5KYXT1X	1.0	0.9436540575434736
A1RATAT1VKU6HG	1.0	0.9624585303020283
A1RB19N4AZFUDL	1.0	0.9845401209985744
A1RB53LPRGUJ1A	1.0	0.6733000569437755
A1RBJRS5H2YSEE	1.0	0.8894261476925462
A1RBLAFB1SJYQK	1.0	0.6740341328858889
A1RBSKQV68FE84	1.0	0.9032115112658168
A1RC30R83C74IH	1.0	0.9384976792797404
A1RC7WUZLV85K	1.0	0.9558255351699924
A1RCAPQ9UIZ1DB	1.0	0.9618680099687185
A1RD9XDNZXVLOK	1.0	0.9406449513374012
A1RDWI6XVOFOMS	1.0	0.8681247795358068
A1RE70GCRTYGAS	1.0	0.8551956117243223
A1RE91QQKBBLPH	1.0	0.7248303490747678
A1REA99UDM5SKH	1.0	0.8492528659523142
A1RFPQKK32YPTR	1.0	0.8771280719477417
A1RFX6YYFU9END	1.0	0.9411962381923088
A1RGJA7LQ3B5H7	1.0	0.8201995969541593
A1RH9J9K4ZNSTX	1.0	0.6887549808103747
A1RHKECP0KJ9J6	1.0	0.9733865734243189
A1RHX4I3SY462U	1.0	0.9340303796547547
A1RI2NEFN67CRN	1.0	0.8523489714876996
A1RIAWJ6AFKGHT	1.0	0.9684686733181443
A1RIKXU9XOQ67	1.0	0.932062140164303
A1RIT1JEKQALEB	1.0	0.8943217317099352
A1RJD10TTI568L	1.0	0.8664608392185026
A1RJDGALC11HDV	1.0	0.8791592271955434
A1RJQUDYIRPLHC	1.0	0.8976409007187802
A1RKP0I0CPLW7R	1.0	0.9772754493815294
A1RKS0O04U3GY3	1.0	0.7549912617162235
A1RL0VMJVV8Q9N	1.0	0.9644208212285273
A1RL898ZI0B9B1	1.0	0.8362517934392109
A1RLJ6P9MV9JSG	1.0	0.8259441802429813
A1RLSO6B5APQH4	1.0	0.8094526034121096
A1RMD40AALELU0	1.0	0.9354026525694125
A1RMOT6V4AG9BP	1.0	0.8778250718040852
A1RMOW7LFFDZ8M	1.0	0.9171711362076927
A1RMQ7DI0BH7EK	1.0	0.9619607925122232
A1RNSJIOGBUYCC	1.0	0.9086087928524799
A1RO7YE3QXQDBU	1.0	0.9532672736542719
A1RODKYAD5AN41	1.0	0.8362775555603659
A1ROGG4ETFQGAU	1.0	0.631762268023252
A1RONNLOLLMDIT	1.0	0.9007465991858118
A1ROZJZTEHZC2V	1.0	0.9428166110890623
A1RP6YCOS5VJ5I	1.0	0.8947121745730869
A1RP8CPRR58SM2	1.0	0.8964402677586416
A1RPBUKQ5WX01R	1.0	0.9424903761196578
A1RPR38LB5B924	1.0	0.6309761641015388
A1RQA300MOSSM7	1.0	0.9307220033909752
A1RQQC69BPPXT8	1.0	0.963696278351964
A1RR1PC7Y5228Z	1.0	0.9693689652100911
A1RR8LWPH4YXZV	1.0	0.7087846257113503
A1RR8MILLMBI8N	1.0	0.8952924717312167
A1RRBYBS9IZWQD	1.0	0.9298821526961657
A1RRJ3TYIU0WOB	1.0	0.8949499306339399
A1RRWUZFNC09WY	1.0	0.9592761168559852
A1RRZV6FSP6H4D	1.0	0.7454017975796311
A1RS3CW88UXZK0	1.0	0.9165842389989369
A1RSMKD7UBUC9S	1.0	0.8179407294040152
A1RSVRAU9WGD8G	1.0	0.8578254584859041
A1RT2FMCGBWJX7	1.0	0.845614908219529
A1RTIT7V5EOB9Q	1.0	0.8807483767926334
A1RTQKDHHHXHUN	1.0	0.8924870256729224
A1RTQTHRD29R4F	1.0	0.8328728778070401
A1RTW9J0D7QMRJ	1.0	0.9215283627709594
A1RUBF0FK78E5Y	1.0	0.956514337057089
A1RUCZCJXWV5KZ	1.0	0.8358894417452349
A1RUSVRWZ312LS	1.0	0.7304404642290891
A1RUU0TEW8JRDC	1.0	0.9407013687142123
A1RV3JWY53SIYZ	1.0	0.94921974392784
A1RV9KLY80ZLR4	1.0	0.9802337895714041
A1RVMFS3FRCZDE	1.0	0.8946711984944387
A1RVTF261ZMY4M	1.0	0.8681625195665638
A1RVTXULYCYT4F	1.0	0.9794661019862652
A1RW1PSWQ5EUES	1.0	0.7548355032146524
A1RW9K6DMJW4QV	1.0	0.8994173560966549
A1RWK72VF89I3R	1.0	0.8650536391042759
A1RWKI4KCX3K72	1.0	0.7302508308496545
A1RWNG4W5PRLPP	1.0	0.9515964369509146
A1RX4G9ZHI1BV4	1.0	0.7653459097578299
A1RXDSG1KL0XNM	1.0	0.7901791952994937
A1RXVSBGGRKIIW	1.0	0.9148082875702072
A1RY08CB4CKVAK	1.0	0.9494173369489713
A1RY73Z8CRIJK7	1.0	0.9662081468600526
A1RY96KKGQ84EE	1.0	0.5088908173913101
A1RYJ6Z6U6JSCD	1.0	0.6079937070394001
A1RYS4VRBDDWCI	1.0	0.7024888425145439
A1RZDNS6SDKWLA	1.0	0.643715903652903
A1RZXDRZJJTUNM	1.0	0.9236753113292895
A1S03KIDKMYMQE	1.0	0.9659801725270213
A1S03L5ZJT8PF	1.0	0.6734281172451354
A1S07AAFFCO56X	1.0	0.9002553416096831
A1S0UOOA9ILAEF	1.0	0.9555496790366337
A1S10OAFGPC4W	1.0	0.8397088257262463
A1S15XEZ4A10BQ	1.0	0.9240523283821599
A1S19LDUAW0ZVZ	1.0	0.7054573215771455
A1S1J45UFGG8MT	1.0	0.9443274304820358
A1S2788N08YT72	1.0	0.7981992391327477
A1S28L6LVIVPV3	1.0	0.7592053221125808
A1S2L9211DXHL3	1.0	0.9450417622820756
A1S336EWP0665W	1.0	0.9001038350545612
A1S3CZRIPURGBN	1.0	0.922372670026939
A1S3FAW9KHCW4W	1.0	0.8558921155860638
A1S3W78A3I3O7C	1.0	0.8645146763083242
A1S3YYM83ZT3JP	1.0	0.9331696079018749
A1S44VFD1WGZYU	1.0	0.9123524656527889
A1S4L8IOEKSPF1	1.0	0.6400626228688036
A1S4SW4G9U5YTC	1.0	0.7731771380035586
A1S4U3TQGKC8CP	1.0	0.7485099561946774
A1S4Y9XTBI4JEO	1.0	0.9651873111751713
A1S52QAGI5WT51	1.0	0.8219802228397456
A1S5XPAHSIU1HT	1.0	0.8794281930726501
A1S72AW8X4Z2R2	1.0	0.6282009797290946
A1S78PMKQR594K	1.0	0.8577201921771717
A1S7B8FO69II4S	1.0	0.924397569735813
A1S7V8B3RDNLQK	1.0	0.9163974303862255
A1S85E114RXOD1	1.0	0.9243341850102428
A1S8QS7GUNIZ7W	1.0	0.8660028561823119
A1S8TMB12G7GKE	1.0	0.5943235147051137
A1S8TW5I3OM511	1.0	0.8755028299819831
A1S9F5L9A3W4XE	1.0	0.8562627139038567
A1S9RXJP3LTMPI	1.0	0.9058200389879205
A1SA8WITLQNRWD	1.0	0.9212189882973099
A1SAJF5SNM6WJS	1.0	0.4903796273237708
A1SAKO4P7QIISM	1.0	0.9654800892528805
A1SARTGBXMKLRR	1.0	0.7691176301849585
A1SB1FDK6AJBP2	1.0	0.7430026666091373
A1SB2O3DGZK0DY	1.0	0.7830221755994881
A1SB5A77COEA1L	1.0	0.731147202598464
A1SB7XQJ1KCVLP	1.0	0.48853029990936614
A1SBGFRJKQ2NXP	1.0	0.9608575621075588
A1SBOUSPSIAJNP	1.0	0.9272010496290866
A1SBWHO2ZRQ1W4	1.0	0.8836297318568568
A1SC3V3MT36GXC	1.0	0.7955290433316252
A1SCN4WQ50OUW6	1.0	0.5578142329547603
A1SCXSFPZH5G3T	1.0	0.9841870316571233
A1SCY185GQ341U	1.0	0.9039024818311697
A1SCYY5YYOHCYH	1.0	0.9743512314447742
A1SDM1LYAW856V	1.0	0.8222254835429816
A1SDPA1J98UP4L	1.0	0.9327942427902718
A1SELM331TTSZH	1.0	0.6952183828744106
A1SELWKRCEQ9QM	1.0	0.7850526607817732
A1SESL2Y3UXI9Y	1.0	0.960937157412427
A1SF3SEZMGSA8T	1.0	0.7029459762403376
A1SF7FZE2M9KM9	1.0	0.8035353040210044
A1SFMUVCWQP9ZG	1.0	0.8182787979091323
A1SG0EBC86HTKD	1.0	0.801234435690344
A1SG50OKAKLR52	1.0	0.783125785485853
A1SG97KD8C9DUW	1.0	0.6885791553498338
A1SGEOH0O5UYC5	1.0	0.846920206964848
A1SH2HAYHQFP5M	1.0	0.8123513285294068
A1SHDIFS76462K	1.0	0.8201998327970642
A1SHFEDBM9Y8GF	1.0	0.8791700922529301
A1SHFKPOWESGQW	1.0	0.7253904169242934
A1SHSGUC7VZWVI	1.0	0.5668347739983168
A1SHXWWTG1DKG3	1.0	0.6677520518310043
A1SI3S5TOH21PQ	1.0	0.6916640124365606
A1SIDCP6JUW37C	1.0	0.7983393496405976
A1SIKQ2Y1KV8ZE	1.0	0.9435260834458208
A1SJ4XVR60A5FG	1.0	0.8517161910414871
A1SJ5KDJF2BQAT	1.0	0.8299870635560657
A1SJ6TJG61LTIC	1.0	0.8931458267547638
A1SJL3JBBILJ66	1.0	0.8034417261687894
A1SK3HUAJTRXBG	1.0	0.6800347104462688
A1SK6R9XKJV8YM	1.0	0.908814495841581
A1SL8DTDPHS4TM	1.0	0.7429336359464354
A1SLXDULXPH17K	1.0	0.9659660393878358
A1SM37ADGYWB5A	1.0	0.828407086518471
A1SM5QKN2J6BQ4	1.0	0.905763728843257
A1SMEHSRZEKVFM	1.0	0.8976548410969805
A1SMT39FUYWIH2	1.0	0.901878228680631
A1SMZ1NNKBAF5K	1.0	0.7317886142751681
A1SN0H2JDJXLHW	1.0	0.8961505929688419
A1SNRIKGEHK2FB	1.0	0.786147769912122
A1SNWTL3F4BLIO	1.0	0.9094538720440501
A1SOQSWMDI13TR	1.0	0.9604456302271367
A1SOZ074TRQT5P	1.0	0.8591835428480787
A1SP7JASDV74RD	1.0	0.8872829095961278
A1SQ77DB7HHD6H	1.0	0.8638216439377284
A1SR2T84IXOMAQ	1.0	0.8617528995814366
A1SRGOS9NOOC3F	1.0	0.9571262280992784
A1SRW6K7WRYDZC	1.0	0.8602821849543291
A1SSIL2I5SFGN9	1.0	0.8346886198248951
A1SSR2BLL5FH7V	1.0	0.9416403469842708
A1SSUYH1LUGZFW	1.0	0.5704698502671495
A1SSYRR444SOKD	1.0	0.9369961770205048
A1ST8RIMA1MI1K	1.0	0.9543265416786251
A1STFVN4F5QE1X	1.0	0.9311493985135568
A1STZD2FCV5QCZ	1.0	0.7076825826082964
A1SV6FY1SF4DZT	1.0	0.5563137137539581
A1SVIEA6FFKP50	1.0	0.8548839992274525
A1SVSA5X6JBI51	1.0	0.8245085106756185
A1SW16VKUEX39T	1.0	0.983222373636668
A1SX3V4A1EWG1V	1.0	-0.1786336172268531
A1SX6NWK9A5FP5	1.0	0.7671134584051071
A1SY4LHTRPYS6T	1.0	0.667934457492252
A1SZTE9EQ9PVSS	1.0	0.7336714643822064
A1SZTXUMKXGVHJ	1.0	0.9262888311972458
A1T022MQSJ3R4U	1.0	0.8902423181728887
A1T0LSFNXPLOBF	1.0	0.9647267473280438
A1T17BYSWE5QBE	1.0	0.3750744506411096
A1T1BUWPGKIYI8	1.0	0.8857307028732446
A1T1PDVMSSOIBD	1.0	0.7443077588089266
A1T1V8JA80RNJM	1.0	0.8806699930499536
A1T20JYTUR9MIY	1.0	0.893859267665121
A1T2SR9TKPOOIP	1.0	0.9597617228230912
A1T36UMN616OV4	1.0	0.8997245779296585
A1T3FGR4UDLLTC	1.0	0.8340021986418441
A1T3OEF1XPVH8Y	1.0	0.9660368540911576
A1T3TOJY7YSHII	1.0	0.9116510908950886
A1T3YFLHAZSLEX	1.0	0.8439744112019132
A1T4CO0GUC8Q22	1.0	0.7208081784847443
A1T59AV32U1QIM	1.0	0.7699720315525008
A1T5JPUA3CCYTJ	1.0	0.6607453575905452
A1T5LNKT5LCYG7	1.0	0.6392206270267164
A1T5PMJZCG2FD1	1.0	0.9250510134404172
A1T60QWFIPE480	1.0	0.7612819781969871
A1T6Y0DE7WYQY	1.0	0.9802337895714041
A1T6ZJ714710X4	1.0	0.8757149242197549
A1T7IK5QG4G595	1.0	0.8870763831938905
A1T8IVXCCBEA44	1.0	0.875114961572414
A1T9ES90BWWX16	1.0	0.3937197853536047
A1TAA145G9GYUB	1.0	0.7151146883590176
A1TAWO005YXV71	1.0	0.9357425196873804
A1TB6DFESM3SNF	1.0	0.7669887913826141
A1TBM6K3YRYZG6	1.0	0.9556442890405316
A1TC6XBC3NVRFM	1.0	0.8490192332191252
A1TCATZT4H6MJH	1.0	0.9424886943457376
A1TCKL7BWTQU08	1.0	0.8239271226234374
A1TCLD37W34RSY	1.0	0.628350159170036
A1TDAKVHS4MXVE	1.0	0.6415435667121582
A1TDKMITQV6A2E	1.0	0.9543265416786251
A1TDPWNGX9OE6O	1.0	0.880607805231754
A1TECE74I964JG	1.0	0.8896393569177877
A1TEYLNTK6RICG	1.0	0.9145880254126719
A1TGP50SOYYDVQ	1.0	0.8506405184745229
A1TGY1CK32EUQ6	1.0	0.9151472101628843
A1TH72SDRZM291	1.0	0.9141083702809419
A1THH1OREWBIXL	1.0	0.9746399546577167
A1TI2L994OYRZU	1.0	0.8878883783513543
A1TIEGLS4RVSX6	1.0	0.8927802445514855
A1TIQNQJZ2LDNW	1.0	0.8715196322141265
A1TJAA3AHT4PHB	1.0	0.7720440036205434
A1TK6SJIJB0FCT	1.0	0.8061913580149823
A1TKP7591K5CXX	1.0	0.8801165844706803
A1TKTUI4ZUKUB3	1.0	0.7668791730958748
A1TL0PG90EZ8I6	1.0	0.8685554393011748
A1TL3XO3G46EK0	1.0	0.9807838493481716
A1TL721YECDIM8	1.0	0.6864682000465773
A1TLKM4FGTPS3O	1.0	0.7496704175174048
A1TLRJY7GFNRA1	1.0	0.96525718564435
A1TLU2ZI099I54	1.0	0.6930936826073961
A1TMCZ13AXWV5	1.0	0.8244856603740708
A1TMO8UX9J2WQN	1.0	0.8906430414422195
A1TN8DCSI6I59T	1.0	0.9394165856519335
A1TNK97ZYJ6W6S	1.0	0.9024174358891692
A1TO5LN8UFLQW7	1.0	0.9304918217873573
A1TOHFNXQP8CTP	1.0	0.6845209818821466
A1TOJNFSFGD0Q	1.0	0.6652097048237878
A1TPCS0U885Y7Y	1.0	0.9468548499070016
A1TPJDCDHJS1Y4	1.0	0.9017989272827095
A1TPR66C6ANNXV	1.0	0.8977016658389227
A1TPW86OHXTXFC	1.0	0.9382125928784044
A1TQ0OU5LEXRW8	1.0	0.5853686617907826
A1TQBGJUN8BZKS	1.0	0.6139935619347555
A1TQMFDJDBQNK2	1.0	0.7461711996470817
A1TQOBNY40N82J	1.0	0.9235461456125272
A1TRWDXY9EMMGO	1.0	0.9152226989783161
A1TS4IOH1NBEBP	1.0	0.922343893094473
A1TS647UGQKJEA	1.0	0.9682755595208314
A1TU1MUIBUFENR	1.0	0.9439853711256122
A1TU1ZW2WXS8QQ	1.0	0.7431055293434311
A1TU5537LJ9MNA	1.0	0.9659801725270213
A1TUBQUT3J81Q3	1.0	0.6560463498011202
A1TUDA3O519RYJ	1.0	0.9486078528856506
A1TUJ4GC24E5NF	1.0	0.9258599728931441
A1TUS0B0ZZ9EJ8	1.0	0.8159858545638735
A1TUZL12O7X1A9	1.0	0.8852820467473411
A1TV63PWX5QY1B	1.0	0.9911288578081063
A1TVO4AO52Q72M	1.0	0.7945462368805963
A1TVTYMTFW9QKI	1.0	0.8607509444638922
A1TVUNKRRYH4PM	1.0	0.9303372404972758
A1TW1FMCVR7CBH	1.0	0.9768306072624524
A1TWOBW9H06V2G	1.0	0.9372842597676015
A1TXAFVAN8POCN	1.0	0.591246631164128
A1TXCD0HSTVFAU	1.0	0.3107239768479418
A1TXTLN5EJMVQM	1.0	0.9137534859239408
A1TYCWFOY7OCON	1.0	0.8785132342660837
A1TYLW0ZRM53GS	1.0	0.9146771553320999
A1TYS7CRKAPL0Z	1.0	0.7981112044631457
A1TYZ7YDVXB82Q	1.0	0.9088325762353052
A1TZF4NNL2SQP7	1.0	0.39625441640221715
A1TZH8H7GROBK7	1.0	0.9622549047743335
A1TZO0LL87VBML	1.0	0.8611449189988625
A1U07K3VPNIADI	1.0	0.6154005538870894
A1U0QFWM1ONURK	1.0	0.8323602220015247
A1U0QSDR7T41XQ	1.0	0.7519675649632902
A1U11PS71ML0YJ	1.0	0.9496072736319632
A1U14MNTD5VRUX	1.0	0.9323107469689905
A1U1DY1GV2OKVX	1.0	0.9155922644761917
A1U1EVJAMYPF15	1.0	0.5557799304404949
A1U1GMMEWXL610	1.0	0.7429936635838797
A1U1RZ81W6SLTI	1.0	0.9343542358412679
A1U20NCOHIYD2T	1.0	0.8131077489240699
A1U2T71CDVKFRH	1.0	0.9654800892528805
A1U3LWEEKCKHGM	1.0	0.9155755888120896
A1U4497VT8C40G	1.0	0.6236012361997085
A1U4GOVZWL8ZTL	1.0	0.9335389814940103
A1U5R69HHEWXPN	1.0	0.787162970774417
A1U62Y0L30DKPH	1.0	0.9183905552196093
A1U6HKBM67MLGW	1.0	0.7308505226060399
A1U6J9EEKV1O0E	1.0	0.7087846257113503
A1U6R8WI2Z31D8	1.0	0.7559736581070439
A1U6T8TF2LKRJQ	1.0	0.8521201709487215
A1U7PGH7HQ96D5	1.0	0.7132236148191263
A1U85S5Z7F8OZC	1.0	0.9577497252088762
A1U88T3791C2D8	1.0	0.8983156411619188
A1U8DW0XVWLIIL	1.0	0.9413349135831439
A1U8HAMAK7NH5U	1.0	0.595187971824018
A1U8PM2SXOWNXK	1.0	0.9569868437994313
A1U9EECS19NHBL	1.0	0.9278748271101657
A1U9KWII845K2Q	1.0	0.8096826339118984
A1U9QCLMWU52F6	1.0	0.7560001189190115
A1U9SS0ETLN32K	1.0	0.9668924466186848
A1U9ULWA5BFQU1	1.0	0.9023390747796481
A1UABNGF0AR9SK	1.0	0.9398313206976547
A1UAROYKCFZ74G	1.0	0.5776928309794369
A1UB8XT4N0K8KW	1.0	0.7858521173949229
A1UBBOGLN8S8B0	1.0	0.8419784013170094
A1UBG473OUNBE8	1.0	0.7865456454590354
A1UBXUP60YO5UJ	1.0	0.8496668690352888
A1UC15BG2YSCIV	1.0	0.6876043491079263
A1UC2PL7FYU6S2	1.0	0.9084225486033449
A1UE07A838DKKT	1.0	0.8332310880213234
A1UE39XHO7TFBM	1.0	0.7002158715126271
A1UE5U3H49K2KA	1.0	0.12016159299999166
A1UE9G8BC631D3	1.0	0.9597650533779635
A1UEG09RKBNSLM	1.0	0.9462376884552022
A1UEKGDGV0YCYR	1.0	0.7933425659983598
A1UEQU0XIXHUG0	1.0	0.9167472674006872
A1UERBGVUK9HHS	1.0	0.5259657808357368
A1UES1O9XODJJ3	1.0	0.9518656547782746
A1UF4PWG1G28OT	1.0	0.7706360461828109
A1UFEIG2K7YSN0	1.0	0.9610607836281512
A1UFODRAPQJ98M	1.0	0.8520119032871573
A1UFVMXM571OUE	1.0	0.7490977984304512
A1UGF7LYH090QG	1.0	0.8512604616667956
A1UH3MAJ9AVBSY	1.0	0.8308620803491558
A1UHFH9CTOXABO	1.0	0.7669967214099679
A1UHUILLZDCNEM	1.0	0.9003242505146032
A1UHV0T152J92N	1.0	0.8387719524977402
A1UHVLIX5CKVSN	1.0	0.6709923008872735
A1UHVZD5ZC29E0	1.0	0.7574632818182966
A1UI3GTWA5NZL0	1.0	0.9178020128268375
A1UIMVL82IHCDS	1.0	0.8461792066252147
A1UIZP669O24NT	1.0	0.8143890555772272
A1UJ34IQO7RE4E	1.0	0.9138261691271218
A1UJ664NV4S07T	1.0	0.9379020046567441
A1UJ7FYE6002J1	1.0	0.5621176705426723
A1UJ7OYT176VNM	1.0	0.8839911897389843
A1UJGZQJG6BP9K	1.0	0.7243953115235333
A1UJQCGS68PHS2	1.0	0.4515378956023981
A1UJR4T1DAC8BI	1.0	0.9028807523822515
A1UK17SNKI5O6X	1.0	0.9350539513270951
A1ULU61ZMRJR9O	1.0	0.9399259307015526
A1ULXTPY2R8LLD	1.0	0.9463633429117394
A1UMMVIAC891PQ	1.0	0.9655608724974949
A1UN0CRXCIWMG9	1.0	0.9399391891334489
A1UN61TONREJIO	1.0	0.8874290340614057
A1UN6KROLWZT17	1.0	0.92456122005344
A1UNKZEAFOEPJC	1.0	0.9507263889343569
A1UNR1BH9BLVXP	1.0	0.9152855780153222
A1UNZ5RY4TIZUD	1.0	0.9168723569447687
A1UO272GIATJYN	1.0	0.8356852433504895
A1UODWQ2K6DFXT	1.0	0.9391659935439345
A1UON29HK6DMA7	1.0	0.8986224783764505
A1UOR1E7G4EV6D	1.0	0.8817534350575871
A1UPFB3WJ9U7I9	1.0	0.698839570002279
A1UPJN7MJC39GP	1.0	0.9189891776733555
A1UPL2ALPWIMLR	1.0	0.9375280925579943
A1UQ04RZ2IBLNB	1.0	0.875898619317386
A1UQ1KGLAYDOE2	1.0	0.7955627917950414
A1UQ2YP76IWKS1	1.0	0.9206073206907901
A1UR7Q5TV3K621	1.0	0.7671622498278095
A1URCB58DDIZTQ	1.0	0.9515964369509146
A1URE3U7BK027O	1.0	0.9540625073429639
A1URO7PXTJOMV4	1.0	0.9225182359408871
A1URYPVG5DLLZZ	1.0	0.9460550416258416
A1US6FZD332CBO	1.0	0.788776200012915
A1USSWL0V1N2BX	1.0	0.9418194665604139
A1UT5P0V0IFF5H	1.0	0.8206609537488228
A1UTKWU3XZWSD4	1.0	0.9274465141906223
A1UTRB854JP5ML	1.0	0.6810430138541557
A1UTVN5HH8GEMV	1.0	0.8946311685898818
A1UUAEEB02SV1E	1.0	0.6827031554705295
A1UUGVRFWQ3Q7	1.0	0.9350564069747334
A1UUWN1OY3YF0C	1.0	0.7934115821531049
A1UVRN3R5MN27B	1.0	0.781660149583244
A1UW29WXS00ZJM	1.0	0.9741838427978086
A1UW6KDWGYTVS8	1.0	0.8463074294622702
A1UW9C06DUDR9D	1.0	0.6809227111035203
A1UWBQ32708O8W	1.0	0.18151034914372768
A1UWDTDFI360KN	1.0	0.8850789381124683
A1UWK94WDOHBCY	1.0	0.872954673788501
A1UWMOFWP3NTF8	1.0	0.8138200104423018
A1UWUCTAM68QRN	1.0	0.9392362370348245
A1UXMT6XQFZLA1	1.0	0.3104347171112144
A1UY2FDZPGPV7L	1.0	0.9502580322159533
A1UZ3QHGYNIHC2	1.0	0.8852785986096177
A1UZA20ZYKNDPX	1.0	0.556264335801543
A1V00FL1S9N229	1.0	0.9162196981971099
A1V01QFTY2XFNS	1.0	0.8225479548565893
A1V03TLFMDTA7W	1.0	0.891263433900111
A1V09L6BQXOCKC	1.0	0.9373704337973043
A1V0I4157HKPUX	1.0	0.750926924917814
A1V0OQ0WHNQ21A	1.0	0.7284562261360484
A1V0RGVSQBI1LR	1.0	0.9046308747485964
A1V106YS1KRAMV	1.0	0.6132422017970265
A1V170QH63TN2X	1.0	0.9733865734243189
A1V194LBGLS2KZ	1.0	0.8138900181883465
A1V1S0PGI9Y1UK	1.0	0.8982418156417327
A1V2I8CW61VS7	1.0	0.9326307341238421
A1V2QIDPXB3Y7R	1.0	0.8905227596730964
A1V4ELGD6RXF5U	1.0	0.6477458983924476
A1V4LGCI47J96B	1.0	0.9733865734243189
A1V4MXF1SLG0U6	1.0	0.8486022126566046
A1V5SUSGM1VP3Z	1.0	0.9274992938759001
A1V5T9G3ENWYH9	1.0	0.8818334081191048
A1V5TO8AZSO8UV	1.0	0.9692007248574639
A1V5XF3TDYGAZW	1.0	0.9733222072958103
A1V666Y9QXUUWP	1.0	0.9737277362258759
A1V6EKO1OAYM88	1.0	0.9357927872900316
A1V6QC344PEG3C	1.0	0.8309971004799348
A1V6Z0OO03ECAX	1.0	0.8075732768695243
A1V77DR7711OGE	1.0	0.8990635989944881
A1V8BO2XVHM12T	1.0	0.8606779271210885
A1V8NQRGXMOLJJ	1.0	0.8619970916836636
A1V924DK0I5MAP	1.0	0.8672927346442805
A1VAH75A0LVWL6	1.0	0.693484213683355
A1VAKKNZ3E596E	1.0	0.9733222072958103
A1VAPGECYI3EMR	1.0	0.4606147935592243
A1VAU4V7HOE90T	1.0	0.8836523214050844
A1VBN7F0YZSX54	1.0	0.9482806725677551
A1VBVCXL2KTC8H	1.0	0.8294173221232626
A1VBX6S27BSXHT	1.0	0.9543043716147641
A1VC6419THHIET	1.0	0.7796970140610421
A1VCRE9O021ONM	1.0	0.9403111135980458
A1VDKVLIU9RGEN	1.0	0.40849441788449237
A1VDMACMMSBDRV	1.0	0.9467348664351735
A1VDSLM6EAHTLF	1.0	0.46142423654230574
A1VDYH7PRQK1NP	1.0	0.9504369158167454
A1VE4HGNEBRJPX	1.0	0.7992741824637806
A1VE933MFXTG18	1.0	0.8239835950788452
A1VED7BE79H9KI	1.0	0.8866044675462925
A1VENUPLYG74PN	1.0	0.5582039278073115
A1VEP3I39GW2YI	1.0	0.6935831285704734
A1VEVIJ8Y9435N	1.0	0.9412945731995552
A1VF5LN6SHFVFJ	1.0	0.6883815850905236
A1VFA96T0A510O	1.0	0.6026672921647472
A1VFGEG8EMPMAS	1.0	0.8334722243988283
A1VFJSLITJ6QEK	1.0	0.8604472183939275
A1VFNL6X99JDM1	1.0	0.9492301600544618
A1VFOUHOYX29YP	1.0	0.9644208212285273
A1VG8YOE6P4YQK	1.0	0.9517963341583885
A1VGCRDJ252I7A	1.0	0.5710834227384639
A1VGHEI55DU870	1.0	0.6382976172033362
A1VGPKJDYBM65Y	1.0	0.7595263901306559
A1VH02O6K0D3K2	1.0	0.975512859900546
A1VHAG1ITYYAWE	1.0	0.9845401209985744
A1VHBQLZJY7EJL	1.0	0.9104185300645055
A1VHLFIZDBP8LG	1.0	0.8146377786352135
A1VI0695RHF34V	1.0	0.7826279452458011
A1VI10E2Z6APT9	1.0	0.9148362320014105
A1VINL66F7ZKOK	1.0	0.945369788471361
A1VINNVKIQ34C3	1.0	0.9137788030811627
A1VJF3BCAYB3BO	1.0	0.9179269296845818
A1VK1J93ZPD7GH	1.0	0.8472416524635737
A1VKB23S2O5NWR	1.0	0.8900320622069233
A1VL4IHJN57KSK	1.0	0.8348178340949503
A1VLJIGQNNCTL5	1.0	0.8835218138377343
A1VMI9DVAFF2OL	1.0	0.8730323746933288
A1VN1XXCTKZGFP	1.0	0.7796510214801082
A1VN92M4BJL3CM	1.0	0.9655644465242875
A1VO3U31SAR5NB	1.0	0.9214885229397604
A1VOS7Z52ODD7S	1.0	0.7624462612160728
A1VOSVK55YQMYD	1.0	0.8686743671557222
A1VPV8XDXIZV4N	1.0	0.8216934527091915
A1VQ0G50QFXLSY	1.0	0.7213251799772696
A1VQ15R09NYF2X	1.0	0.7240624105127965
A1VQBG686D8HM6	1.0	0.9315919413408925
A1VR1HIOVQWN09	1.0	0.7391299012996981
A1VRD45P9P82PH	1.0	0.7912748950343522
A1VRD8L02M7BQJ	1.0	0.5671564423115852
A1VS6W9XLBBNBR	1.0	0.9295917714240394
A1VTEL32W5FM13	1.0	0.8814373456853941
A1VTN7GQCZYCC	1.0	0.9155002995043354
A1VTWXNOULWAJ1	1.0	0.813343665174456
A1VV183S59UNRN	1.0	0.7683538224320188
A1VV2QUD1306KZ	1.0	0.7720022572908036
A1VWJGRTTZ46R1	1.0	0.7786955233913488
A1VY2GRZAG1H6Y	1.0	0.9579266944228932
A1VYOLN6G1OHZ8	1.0	0.9143717721502247
A1VYWI7JRVAZM6	1.0	0.6900794636808952
A1VZAIM2B2KGLR	1.0	0.9446546107999314
A1VZDPPHLYZ0KB	1.0	0.7710177827183121
A1VZML9K7HQMNK	1.0	0.9697744941401568
A1W0CL8UCLAR9N	1.0	0.6220836545585009
A1W0TCR8JUHGW4	1.0	0.942178298202338
A1W0XJHGK4WZKP	1.0	0.9658212520544376
A1W16J9R4DOBEC	1.0	0.9815562461189715
A1W16L95BSTPQZ	1.0	0.7178146670903357
A1W1W59NHU6ZV9	1.0	0.8976853244071524
A1W2G2RIU5JUIZ	1.0	0.7527714384539602
A1W2GM574OMNFO	1.0	0.9611458482540294
A1W2MG37W4XB3O	1.0	0.8491079448909631
A1W2PKCD3OV2OD	1.0	0.7982266831759983
A1W3G8E9V2NFXO	1.0	0.3745016113631306
A1W45UI2HULJP3	1.0	0.9771067970270915
A1W4H20ADN54SH	1.0	0.9699043324384488
A1W4JJPULTADRA	1.0	0.6004962906752465
A1W4TFTFA0V39V	1.0	0.94073433301384
A1W6GTXQ3FXY75	1.0	0.9142524561985569
A1W6J6H7QIQC5B	1.0	0.8365390667350553
A1W6JCWM31JADV	1.0	0.9575092389529336
A1W7268RRFD3DJ	1.0	0.7516999765948498
A1W72T6SHROEKK	1.0	0.6553001682966759
A1W78ORYM1VAMR	1.0	0.6864910422399666
A1W7CKENEWWZJR	1.0	0.8211883007397693
A1W7KUNLR3NF15	1.0	0.9636531336433884
A1W7N3EWY7CX8H	1.0	0.8604113858267435
A1W7NSDR6FLBLX	1.0	0.8384996052144605
A1W7NUWMXBTFUJ	1.0	0.9518552386516529
A1W7PI1T3JT7V0	1.0	0.9233199872902117
A1W7WJMKAL5JMZ	1.0	0.7693503030107637
A1W81DSDUGO0HC	1.0	0.9616214571710592
A1W81WBRSGIA8L	1.0	0.7759456636915962
A1WAOAH6AGJ6TH	1.0	0.9464419364314568
A1WB04M5WLQF34	1.0	0.8817308965007457
A1WB3L9X0DIAZ0	1.0	0.8957340890757395
A1WB8529CH7PAM	1.0	0.6814212755698361
A1WB8YQVNGPBQN	1.0	0.7257856058485441
A1WBKSWCF41FW6	1.0	0.689272818963026
A1WBUIVSFB3E1A	1.0	0.9445105872434677
A1WC2D8MK1BBEX	1.0	0.8395378267618714
A1WDFNOOY4XH7	1.0	0.9884933630842935
A1WEJH8YFQD9YA	1.0	0.7612555011730362
A1WEQ18DCTL5CB	1.0	0.8924273179196814
A1WER726SQ2TC8	1.0	0.9676275581188485
A1WFE97YZL349Q	1.0	0.4080770124001368
A1WGHU7L4APY3I	1.0	0.8839273805167026
A1WHB4NGVJGFES	1.0	0.8496034280321136
A1WI71QUZHKLCT	1.0	0.8243289474330042
A1WIDVI0N60RSF	1.0	0.8034501782117869
A1WJFV8KPELALT	1.0	0.8883681778261093
A1WJJ5WVK3KDZ4	1.0	0.5730127387793745
A1WJJI7BSEJXYO	1.0	0.9258334138560201
A1WJMWZSGJZQ4A	1.0	0.9087210473933091
A1WJRP2J4MOH0S	1.0	0.6747405457477134
A1WJT9VXP1RXS	1.0	0.9077959464074246
A1WJYSK6BTZEUV	1.0	0.46025456639980805
A1WK1YPXQVAYMB	1.0	0.9549789618868112
A1WKP4FDHVHDTO	1.0	0.8441636640679628
A1WKSARKVPG8KZ	1.0	0.9463633429117394
A1WL59PO14VYKQ	1.0	0.8749279377762815
A1WLB03UPD8G0W	1.0	0.868033734491022
A1WLCCFJDKNC3T	1.0	0.9490286175415032
A1WLFT20EE8X6H	1.0	0.24041723106477744
A1WLRVQZNMJ8FW	1.0	0.9654800892528805
A1WM23ZN6E781C	1.0	0.9315064885096106
A1WM46X9GJ16M1	1.0	0.9065178880331015
A1WMC4570W2PRN	1.0	0.7441678831673991
A1WNHVHSODVBU2	1.0	0.9378488552762142
A1WNK1GSL91FVC	1.0	0.9057557348116713
A1WNRNQOOPBKRQ	1.0	0.4268127988685225
A1WNWGDWDBH88E	1.0	0.8317026079866922
A1WO3HGCBOA181	1.0	0.858792549844365
A1WORZYMXBJPXV	1.0	0.9097623555910782
A1WPFIZ8P3O86V	1.0	0.9123389553983338
A1WPI972N5B9DR	1.0	0.8561157137550166
A1WQL2FOMKJNNZ	1.0	0.937122849987594
A1WQOKIJC398EG	1.0	0.9589859624472464
A1WR3TQYOJ01UU	1.0	0.8612395290027604
A1WRBXROABZGY0	1.0	0.7347998283799569
A1WRH7QVMOS2FA	1.0	0.8339509560742883
A1WRITK8LBLQO5	1.0	0.8805352217353459
A1WS216SC5QOQ0	1.0	0.7087164338251082
A1WTNPCP3QFUO2	1.0	-0.1791915892796303
A1WU3GVYJNV3DC	1.0	0.9088784244416284
A1WUSM5U3RQELL	1.0	0.6443862440554808
A1WV2XQMQSPEC0	1.0	0.8335631661672872
A1WW8DVM45IQVX	1.0	0.8845204142756407
A1WWA5D1X151ZZ	1.0	0.6692060807997208
A1WWFGP0HELBOC	1.0	0.8934400470509808
A1WWZBX8CEF79A	1.0	0.9585041408487781
A1WXG9TLYSCD7F	1.0	0.9557110387955233
A1WXULN74S4H0Y	1.0	0.9792691315509487
A1WXX1U8Z7HIV2	1.0	0.9428199047629185
A1WXZ6BYBX0AC1	1.0	0.8596031346146965
A1WY86S8ZQQSTU	1.0	0.8688001650766507
A1WYKGJXZNZVNR	1.0	0.8917735399732755
A1WYZOFV1PZQ9O	1.0	0.8304050281499538
A1WZ20J7Y81Y1O	1.0	0.7449672898285347
A1WZHESEKXF09I	1.0	0.884318110398782
A1WZL59SHNDPQM	1.0	0.9480697758884734
A1X08FQ482BNFQ	1.0	0.9405605398423648
A1X0Q3QVX1DA1	1.0	0.8413995035080173
A1X0YEZ01TGPDZ	1.0	0.9063741047513707
A1X14UWQET6DMA	1.0	0.7697287430263553
A1X1CZX0MX69TZ	1.0	0.7159262455350099
A1X27EA21QYS51	1.0	0.6899302963087837
A1X2BGPSA5UPZ4	1.0	0.8905991742733557
A1X2WWMYJ962MX	1.0	0.8420352260803827
A1X3AM904OIM4X	1.0	0.9472799720027723
A1X3JEHL0KUKUC	1.0	0.5527010827601786
A1X4BC98BZVWG6	1.0	0.7909021299440177
A1X4JO8EJ1U5BR	1.0	0.8809114222342813
A1X4XC87L0FGCF	1.0	0.7638715355738657
A1X4Y2LSR0WXV5	1.0	0.8797354693467416
A1X52USYE8HLIH	1.0	0.9335923795557177
A1X545U98G46OW	1.0	0.7489851229784533
A1X56OG71AQJYX	1.0	0.929481143084955
A1X5A6IZNP1BPX	1.0	0.8116567372512834
A1X5CQZEUR7N0V	1.0	0.5936605818613426
A1X5E11UND3CD4	1.0	0.8061779698143854
A1X64C95092KAS	1.0	0.9155910358137068
A1X6G087JPYDJW	1.0	0.82281419432498
A1X6NPS275ZGKS	1.0	0.9518656547782746
A1X6PPQJSB6TJF	1.0	0.9695283593956688
A1X780HQZZUYH0	1.0	0.9735528898292299
A1X7C3C0XILSVC	1.0	0.8521998395008719
A1X7CNQO3RHOXY	1.0	0.9379709806704192
A1X7T3S04A0UFL	1.0	0.9537149729996208
A1X7ZU35286NCQ	1.0	0.8712122204900732
A1X8M5BP52ZAPG	1.0	0.9809399682543062
A1X8W0ESL3BH54	1.0	0.9644208212285273
A1X8YI8EKM8YRA	1.0	0.6221917398411196
A1X9DZ5QM46US6	1.0	0.961413142239565
A1X9FXVLR4AAZW	1.0	0.777371611464131
A1X9TGR96Z1I7F	1.0	0.6482751583174422
A1XAKFER9SSWWY	1.0	0.7569932701781642
A1XANX15WTN96V	1.0	0.9871756157223872
A1XAWBA11WMFAP	1.0	0.9015070200258388
A1XB4BK0I9QWW2	1.0	0.7755960439532829
A1XBARWQR5P61S	1.0	0.9697744941401568
A1XBR0VHB4CJD1	1.0	0.9693689652100911
A1XCQVVMDL4KT8	1.0	0.9072861726651497
A1XCS1H7KELJCG	1.0	0.8389517992511965
A1XD5KD3ZOGUEH	1.0	-0.17770765391470267
A1XDB3H73GVSTC	1.0	0.9052872776886468
A1XDBNMBF7E4NX	1.0	0.9116933703397646
A1XDDHM5GNTM8V	1.0	0.8582122799227756
A1XDO92APCTQL0	1.0	0.624367247051554
A1XDU8QUPX8OSS	1.0	0.9466814189388563
A1XDXAK1L7UCKT	1.0	0.9822104106142637
A1XE9CJ16DR8EE	1.0	0.9507263889343569
A1XEHP4RW0N53P	1.0	0.846878176212306
A1XELII27ALQVA	1.0	0.77806373470691
A1XF215BZMR1XM	1.0	0.8534523526449992
A1XF5NVXUVGTZN	1.0	0.8068379975176198
A1XFNWGTPMG1AE	1.0	0.8094134429662186
A1XFZG8AMTQWVN	1.0	0.9551545149095201
A1XG95ZLSSLQ2L	1.0	0.6500300343089058
A1XGKUYZTPHSB	1.0	0.6354891741382218
A1XGNXARDCONNA	1.0	0.9074299459992416
A1XHDEMT3I3A5J	1.0	0.7172773278876526
A1XHWBELOPPG3P	1.0	0.8843015917478714
A1XJ97KVHBJ5K8	1.0	0.8588785834318376
A1XJHF8BDHNS4L	1.0	0.8992372992032066
A1XJYEOANLNAYG	1.0	0.8465513577049923
A1XKVGWXZ9KPWY	1.0	0.8752574734449727
A1XL1WKRIGSTGE	1.0	0.9637149649088105
A1XLE674QK64PU	1.0	0.9205305441346164
A1XLO4OQO7SF3Z	1.0	-0.2012676151279363
A1XLPOHB0QCPOT	1.0	0.9351950457154682
A1XM633CH0PN7H	1.0	0.7650642668947492
A1XN8F2QAXRC9S	1.0	0.8208310410225546
A1XNVZ0P7YF543	1.0	0.49803775504624
A1XNWOV39TF50P	1.0	0.7396388002818831
A1XNZDOWDENTTM	1.0	0.9841870316571233
A1XOEF2CB0PO4X	1.0	0.8959072361493237
A1XOJ0LI5R85KN	1.0	0.8809215160045277
A1XOM5BRVR7N97	1.0	0.9772754493815294
A1XOMQ8GANCXO4	1.0	0.8293432699974014
A1XP7P3X9MRE5H	1.0	0.9127177220931666
A1XPM2SCSMAZTL	1.0	0.6561052365988981
A1XPTVJC8OMM3I	1.0	0.811232690406909
A1XPU9BC9BLGU5	1.0	0.6919231490137682
A1XQ45SZLYKXDC	1.0	0.8330407632944576
A1XQKIR6P74PAH	1.0	0.9280005675071857
A1XQRNPLYQX80Z	1.0	-0.237816425850213
A1XRJ27EH6F3ZQ	1.0	0.9129189886382069
A1XRXJJIHHI04J	1.0	0.8352168188766118
A1XTMYVT412PYG	1.0	0.9453074955449574
A1XUFV8DA1HBII	1.0	0.9575037336668263
A1XUGRC0PCBX21	1.0	0.892559419905398
A1XV95ID4PBQSH	1.0	0.7428450478425925
A1XVVT4YLGXZAV	1.0	0.8248475400330612
A1XVYE0A34BDKR	1.0	0.9185938534647836
A1XW30PW43JKLL	1.0	0.8457817776122859
A1XW7F9QSM07P5	1.0	0.7072859331785847
A1XWESZ9AWHTTH	1.0	0.8182314691506556
A1XWM14FDGNU4L	1.0	0.6374010152925929
A1XYFPH5T8DWYP	1.0	0.7500708361252667
A1XYJCWQMY7HGI	1.0	0.7961986853047955
A1XYM2XJEKC9ZI	1.0	0.9221174707843889
A1XYN5O7QP5CT3	1.0	0.5844467338045831
A1XYTQLXPQ0L9B	1.0	0.8279794743524008
A1XZ4IUCYRKY1Z	1.0	0.9546796310200761
A1XZEHL5G859RI	1.0	0.8403194405459133
A1XZLNZ2FOXX21	1.0	0.8506282907777517
A1Y0JY02SIXKOP	1.0	0.7901216317570228
A1Y0OW8T5SM0TJ	1.0	0.7491575272292798
A1Y0RV5HSDYMMO	1.0	0.7479540326861933
A1Y0ZQVNGSQAPI	1.0	0.7707591926950189
A1Y1BC06XD9GTV	1.0	0.9535559968672144
A1Y1QM3SXKB1PA	1.0	0.6822564727383252
A1Y1QNYDSMUENC	1.0	0.9190105896583673
A1Y25D0HYDZE06	1.0	0.8666915887557499
A1Y2BMKL6J8SDF	1.0	0.9110057214050815
A1Y2GY7CDJHYVK	1.0	0.8619415275991658
A1Y2L864RKMD2U	1.0	0.937122849987594
A1Y2NFSPQ59B7A	1.0	0.8753716088871368
A1Y2P6NDPDL4ZN	1.0	0.5991882581461944
A1Y363HWR2D0B7	1.0	0.81119775637242
A1Y3KAGIREP3AD	1.0	0.9051221899427396
A1Y3MHM4CKR1CE	1.0	0.9084214755891387
A1Y3TS2V8FG7PZ	1.0	0.9714836261988367
A1Y4NAXQPWIB0X	1.0	0.9409547846656217
A1Y4SPEXF292YS	1.0	0.9737277362258759
A1Y4VWICMJZWXU	1.0	0.7066955072951915
A1Y55MSDVBJ31T	1.0	0.7079549815699099
A1Y59ER6NRWI6T	1.0	0.6240450038596093
A1Y6INRYCB330R	1.0	0.9809399682543062
A1Y75IZD1835HB	1.0	0.8828114722372812
A1Y82JR62S2SIM	1.0	0.9723273053999657
A1Y8YWSES18O2Y	1.0	0.565173234443563
A1Y9D0IHACTZ4N	1.0	0.9560276707169085
A1Y9I86HJ18EZM	1.0	0.27697407438844807
A1YBCL1KZG3NLJ	1.0	0.909443375513375
A1YBFANTSV8U4H	1.0	0.793085022010204
A1YC3R8TOL8D6F	1.0	0.9650327122707167
A1YC6PJ1YGG0CG	1.0	0.9713626473795104
A1YC9RVAWAAUAN	1.0	0.8752594989386699
A1YCEOUCEHVARX	1.0	0.593252684104458
A1YCHB13QH6DYK	1.0	0.8423782065883478
A1YCJJ3H3YC2ZL	1.0	0.8845112821717265
A1YDNVLHKFZ0BR	1.0	0.7993819495335105
A1YEATLG0504UD	1.0	0.8818464580835814
A1YEERTQ3AFU27	1.0	0.9676063757291077
A1YF561LTZ9FU5	1.0	0.7688140080482209
A1YHMU5RMI6DOL	1.0	0.9546763373462199
A1YHRKWG8FT1HI	1.0	0.8120673963662799
A1YJIWBQOKBXJQ	1.0	0.8298030727803947
A1YJKLHQJ10GJZ	1.0	0.9683740633142466
A1YJMMDB0UV2HD	1.0	0.8637300741353715
A1YJQ5UBT6BE6O	1.0	0.7447785063195304
A1YJWQSTSJK9A6	1.0	0.8969818756149396
A1YJZXE5MDEQHQ	1.0	0.966622114220228
A1YK9VABYRU6NB	1.0	0.8046710024446831
A1YL3G7W55HBXG	1.0	0.5015450333622783
A1YLAOKY7A27KS	1.0	0.9377570256405533
A1YLDTB2NEBEMM	1.0	0.6802894188571549
A1YLEB9Q5JNKXG	1.0	0.8644712110353237
A1YM90PT8Z1CWC	1.0	0.627418820633128
A1YMLYUFF7VL6P	1.0	0.7732139882437863
A1YMXGQQT7YWMN	1.0	0.8753464786844659
A1YMZD7XIM020M	1.0	0.955808480737372
A1YN0GYFX0HAWD	1.0	0.5680948386732
A1YN48SWN2HS17	1.0	0.7923465761999435
A1YN5EIVAEFMM0	1.0	0.8056242294722042
A1YN6TCFN2SU69	1.0	0.4426600180802083
A1YO1J7VAMIMAJ	1.0	0.9697864206800508
A1YOP33S9QMGG	1.0	0.8117885830260635
A1YOWHRIWWKDYR	1.0	0.8858866401008725
A1YPM4GCO8I1W1	1.0	0.9731535549413722
A1YRP3S2A6ZRZJ	1.0	0.9065102289027626
A1YRSXPYJ2K7V	1.0	0.8102422196729292
A1YSJO181F6H01	1.0	0.8758389252691021
A1YULX2JKXJ3KC	1.0	0.9704925993629528
A1YVAPR9JE0LA0	1.0	0.8258495702390835
A1YW0AMF0EJFZ0	1.0	0.7842193497174788
A1YWA9YV80SYGB	1.0	0.8764679543890187
A1YWDO43OW45EE	1.0	0.953715391052792
A1YWQEMFGJRV7	1.0	0.9151848387954463
A1YX469NSP3K97	1.0	0.6714970814895426
A1YXBAT0EN129L	1.0	0.8581563349335987
A1YYMYN11JKXSX	1.0	0.9268894010125798
A1YYQAUXPQRFYI	1.0	0.8489321034002538
A1YZHWHKETSW75	1.0	0.8037184166832599
A1Z0B4NA1QO7G0	1.0	0.9507263889343569
A1Z0CERQHYOLE0	1.0	0.9726803947414168
A1Z0VDSYKCQTRH	1.0	0.9629392045329657
A1Z0ZG8IKSQU7W	1.0	0.8048926945415452
A1Z1UD6FQKARG1	1.0	0.7537237719392502
A1Z1VCDYPJP9RD	1.0	0.9365987673608833
A1Z1WLK39TMFBG	1.0	0.8580382983902243
A1Z1ZA9CAFZUJC	1.0	0.9636531336433884
A1Z2BK739AXXE3	1.0	0.8110958699205598
A1Z2HOY56LNIQA	1.0	0.9660837291292724
A1Z2JCHL7D79XQ	1.0	0.8505311527552833
A1Z2KXRBI9I619	1.0	0.9203390483006005
A1Z3NQG92IO041	1.0	0.9557388990444293
A1Z3YP97OUKMM4	1.0	0.9524741162424105
A1Z42SO1EE4L02	1.0	0.015838338423827487
A1Z4XFND3PR5M1	1.0	0.8352394043506381
A1Z6WNG6RCCB0U	1.0	0.9333597345493452
A1Z71DR10ACSVU	1.0	0.8940908091486777
A1Z79IH7FHYNHH	1.0	0.9497617309139017
A1Z7AH54Y0YCPS	1.0	0.9267212837193158
A1Z7CRKNS26CC7	1.0	0.9810194241101764
A1Z7KOEKEP3UH8	1.0	0.6518053025603452
A1Z7UQVWBCOBIJ	1.0	0.7558282196574149
A1Z7VUCQZC1XAO	1.0	0.9715596178148268
A1Z7XA76MWZ6OL	1.0	0.9527503149791654
A1Z7XS2NUDU4JV	1.0	0.8367074118693838
A1Z86GUD1FRMDF	1.0	0.6469858671376616
A1Z8E312QDM0OL	1.0	0.909061454808565
A1Z8NZXKCBKJH5	1.0	0.874879929218148
A1Z8SY17CPV5XL	1.0	0.9155613451896444
A1Z969PMNF9LZM	1.0	0.5983346670498748
A1Z9OH0QN7Y92Q	1.0	0.8344243674271585
A1Z9SB7RXL62F8	1.0	0.9165274279329425
A1Z9ULR2V4W082	1.0	0.8883270716140194
A1ZAIY8WPH3AGI	1.0	0.8648673349519983
A1ZB7LENP3V4K7	1.0	0.6195123364616897
A1ZBE5N5O773XG	1.0	0.8679863297969858
A1ZBIIZLWE8NRE	1.0	0.727468150935261
A1ZBMSJK96MHQK	1.0	0.9407013687142123
A1ZBZ1TLGWBTYQ	1.0	0.9378073946528462
A1ZC2KJG976YU3	1.0	0.9485214571058831
A1ZCHP3HYYPA0I	1.0	0.7349489494425053
A1ZCJBDNMZZGYN	1.0	0.9599036129252985
A1ZCJH96G7EOFG	1.0	0.8757114096307731
A1ZCO1SGSDT3D5	1.0	0.9549627595388209
A1ZCOY262ELHVG	1.0	0.9432273041828965
A1ZDYH8JBUR9G2	1.0	0.9841870316571233
A1ZE0ENZBGMU1X	1.0	0.9114332973546829
A1ZEDKOFTEHQE1	1.0	0.7115822106479398
A1ZERSCNHJTGRR	1.0	0.841438381999277
A1ZESNKZ0RLS8J	1.0	0.938456858740301
A1ZFGYR6RL1XPK	1.0	0.8739693032764754
A1ZFWDVB1L1ZDV	1.0	0.782656082554131
A1ZG2GYUH511ZP	1.0	0.9002814551313613
A1ZG4QD2DD4H4Y	1.0	0.7864117593857894
A1ZGCGPLUNL9E1	1.0	0.701404120945817
A1ZGJHOJEPSQNE	1.0	0.8927428494119611
A1ZGR5OLRH9YON	1.0	0.8136436640250247
A1ZGTA8L3X3ZYL	1.0	0.9812930575957574
A1ZGZ387Y4ZVYP	1.0	0.5638433118898233
A1ZH9LWMX5UCFJ	1.0	0.9061364064491947
A1ZHUYBOXIFDJ9	1.0	0.9042374334324733
A1ZIOUNWW1HOQK	1.0	0.9560428250556863
A1ZIZ37UKBD56P	1.0	0.9154310401745779
A1ZJWJWVR4M7EG	1.0	0.9059920607698546
A1ZJZ1Q58TFVY8	1.0	0.87486274672336
A1ZKSKSGE1VCBT	1.0	0.8899822783587733
A1ZL10UJTZUK1K	1.0	0.8668568588234112
A1ZL9IJDM8VCMT	1.0	0.9040405097909149
A1ZLFEGAUPJLXU	1.0	0.8387294866163261
A1ZLX4WT42YV1I	1.0	0.7060364034268857
A1ZM1CHDBWFHT	1.0	0.8079180658475003
A1ZM7RXT73K1KF	1.0	0.4896026432247729
A1ZM8OECFRELJ6	1.0	0.8014377533770529
A1ZMHOPYICBNQA	1.0	0.7426422664311848
A1ZMP6VQED1TPP	1.0	0.5433757199385685
A1ZMV5QSAR8V2L	1.0	0.8003875519897369
A1ZNNO3BSUOHNP	1.0	0.8265744589694142
A1ZNRP8GQO5WQJ	1.0	0.9476393164874651
A1ZNUOJK5V0N8V	1.0	0.8988933840511504
A1ZO7G110FUAS7	1.0	0.7545566245959529
A1ZO87A4XYCOLA	1.0	0.9116081031039253
A1ZOUEIY20GH73	1.0	0.9510794782758081
A1ZP3ROLUJ7XT7	1.0	0.7199474024461188
A1ZPAJQQ6JGCC	1.0	0.8218633911294528
A1ZPD94NJPUHMF	1.0	0.8917115876602628
A1ZR2RO763EXE4	1.0	0.8860001097296623
A1ZRRVDOR23GEU	1.0	0.6772841762538846
A1ZRT2EF435TD4	1.0	0.9386777650325889
A1ZSCLGFSLQ73P	1.0	0.9201597202729567
A1ZSMVTKEFEA8C	1.0	0.9098187884396549
A1ZSS2K218JY2Q	1.0	0.7721075744952444
A1ZTHUAALU7B4	1.0	0.958629579431939
A1ZTX9MO8674B5	1.0	0.6699701898571763
A1ZUASK6VPR6N5	1.0	0.9701395100215018
A1ZUL3XQWRTFA5	1.0	0.9418877776848984
A1ZUQG0G6550I3	1.0	0.7400778879837832
A1ZVZI3MNS3M2V	1.0	0.8723156230942198
A1ZW2R6ES1UD7	1.0	0.9496671717726446
A1ZWTV2INJYV54	1.0	0.8400882014269978
A1ZX1E508A5ZD9	1.0	0.8307674703452579
A1ZYZ1NN8PLMX0	1.0	0.9496671209100038
A1ZZEUGRKGZWHV	1.0	0.7922940547263135
A200C7YQJ45LRR	1.0	0.842140415016784
A200D8BOPMR35S	1.0	0.9378663317920468
A200KNB88Q63FK	1.0	0.8730564335077076
A200VIZ908IAC2	1.0	0.7595384878186906
A20173T9HDB759	1.0	0.8140812511967692
A201BS8F549A9H	1.0	0.2928024987041821
A201COO3BHSLA3	1.0	0.9551261864295517
A201FEZ55RAWZS	1.0	0.7965588893893594
A201QRZNUCD6US	1.0	0.8536726338843323
A20223E4KX739V	1.0	0.7867890651265488
A202XXHFRZ5ZVX	1.0	0.5882768360230642
A203ECX3R69YU2	1.0	0.7751891269367618
A203FQ3TWCLY0L	1.0	0.8027670370779129
A203IHRWX8KIS9	1.0	0.7311923844408003
A203IKJ976HIJB	1.0	0.9807838493481716
A203J4846NTA26	1.0	-0.1814177601433313
A203WLJ31GIUTB	1.0	0.41068273735531086
A2040XJMKQEV1	1.0	0.8972157057713013
A2043DVBCAPCX1	1.0	0.9260422783995865
A204PZ13TEC8MV	1.0	0.9628854460582497
A204S11FQM1BSR	1.0	0.7954680037099443
A205K5U0M2K8QC	1.0	0.8382770906327405
A206OOBGGPMX40	1.0	0.6055940490094702
A2072VPJ79VCJ5	1.0	0.6480229357114776
A2079XUNRV7POI	1.0	0.9338305127122357
A207YLBL3U4ACG	1.0	0.8573820946598723
A208QEPAI30Z4G	1.0	0.793888178856989
A208YP64N64SS6	1.0	0.5206749518576939
A208Z8YCYB1FG1	1.0	0.770144852667846
A209NKYUI17LQG	1.0	0.8384963596086731
A209ZXT7UYGI85	1.0	0.9546763373462199
A20ANC8X95AB40	1.0	0.8044391689059848
A20B9T7LR97AEW	1.0	0.925269332929382
A20BD1TD24CWZ8	1.0	0.8464491941098307
A20BFD7SS2F7GB	1.0	0.97373966276577
A20BLACJ8CF8SW	1.0	0.8329968410850093
A20BOOWE2AX9KQ	1.0	0.9560908041601115
A20DMA0PLC2ARR	1.0	0.9275788503463046
A20DZWNWNABMX2	1.0	0.8692986020510197
A20DZX38KRBIT8	1.0	0.8349141390076539
A20EGXO469AEQ3	1.0	0.8316172471314159
A20GIC6PM5H8YO	1.0	0.8004652752974821
A20GRCELSRG7ZO	1.0	0.8609496224842158
A20HBX9KV5KQEL	1.0	0.6625469939226122
A20IMFGRJ4W9AL	1.0	0.923167229099654
A20IY46WBV8G6B	1.0	0.8883445635794076
A20JK8DT702CWE	1.0	0.4882683900922288
A20K2P0C6GFMTY	1.0	0.9729391964421551
A20KDVX7DFN0UL	1.0	0.8155509906328435
A20KN9UKHRVD6K	1.0	0.5728178185702822
A20KTDMCMAI8K	1.0	0.881507653163204
A20KZSU2BYX196	1.0	0.9399391891334489
A20LS0RITRHTAN	1.0	0.8488724707007842
A20NC43J3WKVU8	1.0	0.9212189882973099
A20O89YXB85DD9	1.0	0.9078135336337513
A20OB2O8G4VEW1	1.0	0.852158033800992
A20OBNPC5GRHZA	1.0	0.4007660956956998
A20OF2RZRF37J3	1.0	0.9202024139071454
A20OIF1G4O05ON	1.0	0.7265269100951377
A20OPUB49OQD15	1.0	0.9836030486257837
A20PMQC08NY0WS	1.0	0.6768090426942907
A20PW90TEPSSE6	1.0	0.9285144621391591
A20QGTR4XNO12T	1.0	0.9561216636940754
A20QO4VQHJBY51	1.0	0.7662671089416021
A20QU7HLJEE7MN	1.0	0.9582252295322923
A20QVNZNN32I4U	1.0	0.8472332992848394
A20R5HAYW38RUD	1.0	0.9280794628762914
A20S4M728FWXSE	1.0	0.8817251999990668
A20S7XV2JK0UXL	1.0	0.9236854571694542
A20SGZ9IUCTE5X	1.0	0.8661574291089349
A20SMW90QNOJKY	1.0	0.9430451004928567
A20SWDROUUT1IH	1.0	0.8482408149985475
A20SZNEQJU638A	1.0	0.7978843954219998
A20T1MOIU76OL4	1.0	0.8862042342591846
A20T52IO6W6L4F	1.0	0.8971854608122479
A20TIDNVJ7N1T5	1.0	0.9118989995232258
A20TR5NO852CEZ	1.0	0.8516636371671006
A20U7G5YBIYGY0	1.0	0.9762805474856849
A20U8FT64WSAQH	1.0	0.5713240248866929
A20UD44JQIKHIJ	1.0	0.9368427366323909
A20UJ0789ZMR01	1.0	0.7902789715786849
A20UMJVETOT2II	1.0	0.8800899034488441
A20UQHHCRJNYZ6	1.0	0.9263350580719659
A20USS9WERO7PQ	1.0	0.9802337895714041
A20V3N1XW06W3Z	1.0	0.7596545605399758
A20V71G5N9J4RE	1.0	0.922343893094473
A20VSVOPJ6ERTO	1.0	0.8944449688218739
A20VTDJSQ0I2IR	1.0	0.7957597865905944
A20VV6U7RK10WE	1.0	0.8657783399547034
A20W95ZB4ZP5N	1.0	0.8789919900016849
A20WKLF6R8M5WW	1.0	0.9635507732119699
A20X74FQDOPRYM	1.0	0.9018917884640809
A20X9EUBY6V1QM	1.0	0.8654512504260328
A20X9H03PZP4AT	1.0	0.9183250142359438
A20XATI73LPAS1	1.0	0.8403460216873425
A20XEO60P9JXU3	1.0	0.8307372424108014
A20XL8ADAK5MIG	1.0	0.9697731091136562
A20XLX8TWC8CSO	1.0	0.6344141229560792
A20XU6XRYNWEDA	1.0	0.9516278182794079
A20XWNBOPDKCYG	1.0	0.9430916865172989
A20YRSDW7GXRJX	1.0	0.8575735572351411
A20Z0JD766DPG6	1.0	0.9157679230858038
A20Z7K2UJTA7PG	1.0	0.9531729860135592
A20ZAMFR3XI58Z	1.0	0.9724219154038636
A20ZVK7L91JS7L	1.0	0.8058016518322146
A2116JCY1DKV07	1.0	0.8365605810175015
A211HBLYBE92BI	1.0	0.6804688950380642
A2129MAGX7H7AT	1.0	0.7138488371337194
A212C9LINYTCK9	1.0	0.9067500223600722
A212PJW9VIKR3A	1.0	0.8657789890933434
A212QP91BJJ04U	1.0	0.9526557049752676
A213C4V8PGGSO7	1.0	0.9469672600576824
A2145BUUIVG80M	1.0	0.9176188355530418
A215E7ZPNSPW4P	1.0	0.938456858740301
A215FF0LK2FYT7	1.0	0.823770809486066
A2161LGA3D5RCI	1.0	0.691279770781369
A2162NFEC5ZSDQ	1.0	0.9291254724687483
A216BIT7F3ZYT9	1.0	0.9728773651767333
A216IGR7X0JVXS	1.0	0.9083655466500867
A216KBD6BX0W4B	1.0	0.8819725620130899
A216QA4DH38H4Q	1.0	0.7196982519295294
A218A7MPSZDNCY	1.0	0.8617319334567407
A218KQKVMLNVQ3	1.0	0.6759624805630771
A218QV2KCLCDSC	1.0	0.7655586881914402
A218R21WVW2V1	1.0	0.9663303100756432
A218THF45IKWKH	1.0	0.88601165291292
A219CBDNLGGH88	1.0	0.9213771528205027
A219FRFQSVZGB6	1.0	0.8526216121062046
A219HP5AKNXS23	1.0	0.9602762986573717
A21B2EIWFQENOB	1.0	0.9327175036382479
A21E8F3G6F0PVG	1.0	0.6702272906610655
A21ECJE7MGSE9N	1.0	0.9439487544802145
A21EZ8H4GCYQI8	1.0	0.6778725804382479
A21F1NW10NP66G	1.0	0.30059891689886536
A21FBKC8IQW3XB	1.0	0.785933904610673
A21FQA80FJ7H9D	1.0	0.9582797837643443
A21FVB39Z7UYM5	1.0	0.7828829480288838
A21G74HSNLZNN8	1.0	0.9356195992743824
A21GJ0DP99JD8B	1.0	0.7996030190684769
A21H1AA9YVKZ4N	1.0	0.9562805069007273
A21H6MAHPBCSYK	1.0	0.6485931541001042
A21H87BUSXKCO1	1.0	0.9275568593947761
A21HQQAV1SGTTW	1.0	0.8819725402066244
A21I33801ULF3B	1.0	0.9511422805632447
A21IDO6TLL6GOO	1.0	0.6065117610290292
A21ILDAXN1FL0A	1.0	0.8948255882947878
A21J2EINIO68RK	1.0	0.717655767903244
A21JA2VQ7QDNF2	1.0	0.8511937448668649
A21K57JUXCI6NY	1.0	0.9203809429245235
A21KQQQ5H5GR9M	1.0	0.8563148799281601
A21L4K1DFN6SBS	1.0	0.9484792687705449
A21MO19WDYSZP7	1.0	0.8550038815346794
A21N1A34HIIXT9	1.0	0.9639374135550828
A21NC9NUFVE535	1.0	0.7993092833282179
A21NHREW1FD12X	1.0	0.7138979342731807
A21NPJJPXGAMYO	1.0	0.8511351037785005
A21O4GPQWC3ST0	1.0	0.7005885338890382
A21OB33CE3233F	1.0	0.8073504058241132
A21OL5U234YWUJ	1.0	0.9438791727872718
A21OVI4GH4S4CA	1.0	0.9251329974526147
A21OWUEUZWA6FT	1.0	0.8119381281595105
A21P4S9IOCIO2W	1.0	0.8592156029579519
A21P72NV7J45V9	1.0	0.846547001166458
A21Q7C8X702CQI	1.0	0.8145909065342728
A21Q9QO95BF1GF	1.0	0.4432617694663688
A21QD0YBZ71TCC	1.0	0.9353705434094036
A21QPD2TQJPXZ7	1.0	0.9218391884843298
A21RCEARB82YD7	1.0	0.6275826899667835
A21RF3DDGLD40Y	1.0	0.8244255025627039
A21RJCONEM97BK	1.0	0.9735046880787519
A21SVX9ETVZ3ZN	1.0	0.9212954372153216
A21T4ZR5R6OG24	1.0	0.8399596092725207
A21TLAI91AP1YB	1.0	0.8541382338567174
A21TPK1XUZ6K4Y	1.0	0.6861480008140562
A21U8NPP3NLCS7	1.0	0.8516551138211466
A21UDH50KNZI1H	1.0	0.8562189129408433
A21UIUHRT1BV59	1.0	0.7227749479864017
A21UKBX45GENSW	1.0	0.7694429581629615
A21UYY6K84U3V6	1.0	0.8462242017920191
A21V3SBIUCWI3J	1.0	0.7434746936468034
A21V6CTUPH4JL	1.0	0.6887874603875894
A21VI54W2TLDJ4	1.0	0.6274919690480388
A21WDSGASVEL76	1.0	0.8563828793361872
A21WFXSNHUWT7N	1.0	0.7192798529625364
A21WI8CPCZR4O1	1.0	0.7550882106932063
A21X1GSS6931H	1.0	0.9003242505146032
A21X1M7ZE4Z9N1	1.0	0.6755002363957058
A21X3U0ELWDPPQ	1.0	0.7552539102702632
A21X4X3WYV5FQZ	1.0	0.9087205754366006
A21XBTNE2AFZVB	1.0	0.9661862679357827
A21XCN4F8F8GV0	1.0	0.8010829219594472
A21Y6CKD1XPFX2	1.0	0.9530941844505393
A21Y7UGTWD0LNG	1.0	0.9201597202729567
A21ZIRZCCIYJBG	1.0	0.8893092215998628
A21ZTF0NIIN1W8	1.0	0.8046726811957604
A2206H4MT4EBBJ	1.0	0.9697744941401568
A2206W97E6C8U2	1.0	0.9176363977149655
A220AKZNYFVDFY	1.0	0.8478452767764104
A220EANOQ8R2JU	1.0	0.8406428450663247
A220VLCQJ3QZJK	1.0	0.8489136627403627
A220W6JNP7IHQ3	1.0	0.6163336551764094
A221BGEMTU7NA5	1.0	0.887218285632096
A221YM312XA1PN	1.0	0.9576682150853401
A2220GJ3K6YO7L	1.0	0.9772688580071147
A223BBU95O277G	1.0	0.8991208779558355
A223J82C2YCYOH	1.0	0.8441147939726014
A223UAOAQ48ZFX	1.0	0.7359340665269493
A22559H4VY8QEW	1.0	0.9207538302282692
A225D4O3MFF3II	1.0	0.8734401972427506
A225HB2S62WZSW	1.0	0.9323233725413712
A225KOTGHS3BRA	1.0	0.8509312978523821
A2261BGDKZ8EZA	1.0	0.9017912550258317
A226UH234YC357	1.0	0.8888495119588393
A227P36VP2YMFJ	1.0	0.7677376267949656
A228G4DP1IKEOG	1.0	0.853864379926535
A228N2E5YBLK2U	1.0	0.958678319779499
A228P1SMLQ4TRB	1.0	0.8939674854596444
A228SRMN7RV2N	1.0	0.8302829291416953
A22984L9HFVW68	1.0	0.8183059413468247
A229B0Q7M7INLH	1.0	0.8829032847510757
A229EALPW5JQF0	1.0	0.9553619566231905
A229NX5YKTDZIC	1.0	0.8739462254948224
A229PDQYM4IJYZ	1.0	0.8800984378685452
A229RS851KJSIP	1.0	0.9241556559928646
A22A10P3NAUSSY	1.0	0.9650140257138704
A22A6S61KNKHEA	1.0	0.546685073751213
A22ADSHJ3TM0QW	1.0	0.9554029665602912
A22ANF0SXARTQE	1.0	0.9441830987985288
A22AVZRJ6ZXCLF	1.0	0.9507263889343569
A22BBOGE6N6R6E	1.0	0.85462706527008
A22BDG9Z51LSK6	1.0	0.9650308225450308
A22BJNBWYY665K	1.0	0.8760847055675459
A22C3HXCYSZK9P	1.0	0.6738269640594606
A22CIMCCLUBAUS	1.0	0.7911392248626884
A22CKAEPM01KN0	1.0	0.9715596178148268
A22CNXZLMCR5SZ	1.0	0.7092791197715856
A22COT2LBTGICF	1.0	0.9016551500226756
A22D4L65MZIWGS	1.0	0.852257373348066
A22DER809URMLG	1.0	0.9263368057504201
A22E9W1ZKHQCYK	1.0	0.9373816714974247
A22EH5K9O1GLY8	1.0	0.7099667165268883
A22EIRDO1RNVT3	1.0	0.22973890685622125
A22ELGYX87SG0	1.0	0.8616257486915874
A22ES4CRRSWBOW	1.0	0.9231598297204876
A22ETOPSKD4PL7	1.0	0.941144762063344
A22FG1X23W54MF	1.0	0.9510095174531017
A22FS3MY4UMEQI	1.0	0.884160920775887
A22FY5FW1L5QAG	1.0	0.6711405060787102
A22FY6TANJVKDP	1.0	0.764945588793831
A22G70NVUM8QDX	1.0	0.9457887265166544
A22GB5JBPTNN3R	1.0	0.9407013687142123
A22GSAZR0B1EJ	1.0	0.9034764634540321
A22GZPEKFVTBW9	1.0	0.7616101710164537
A22HSBTXF6WLT7	1.0	0.8876286873887432
A22I0J5AF3T1LM	1.0	0.8210744796599388
A22I670VTEZKUV	1.0	0.9038221435313079
A22J2TWVW801FN	1.0	0.7305142051511946
A22J9PTKZVFEAT	1.0	0.807698532640907
A22JW3UO3MUWRP	1.0	0.9008724678886176
A22KMCKYE5KQ2X	1.0	0.8593990623876127
A22LR8QT9QZOVP	1.0	0.7487431514848675
A22LT85U4B7PF8	1.0	0.9375612550308958
A22LU2IH0YX6EY	1.0	0.6683257920187535
A22LYBOUJ3UECA	1.0	0.5644439845806511
A22M2K6CRP4W6H	1.0	0.8567753135023926
A22MEMTZDJB36C	1.0	0.8230594258175408
A22MK3NVQT8CBA	1.0	0.7151870005913586
A22MW46I425DUP	1.0	0.9139038587946396
A22NG09H7YCD2N	1.0	-0.18542209864643222
A22NJUJ257QS0J	1.0	0.8347202771818562
A22NU69YLQJ4A9	1.0	0.9665848039509374
A22NZMC61DR253	1.0	0.7493169349082388
A22O8JBT7HJONF	1.0	0.9838812473176212
A22OCUZL10R66Z	1.0	0.815917748893851
A22OUJ3GY4J66Z	1.0	0.9697744941401568
A22PZBENWG6IM0	1.0	0.837221840134183
A22QITT9O1CWON	1.0	0.9268124159514439
A22RD320U5XZPN	1.0	0.10990911859543097
A22RN8UZXNHTLK	1.0	0.8670078628921697
A22RZG1NQ0WAUX	1.0	0.6489034686430504
A22S0V9NAL376	1.0	0.9700816458585174
A22S5Y72YU58FK	1.0	0.5107897965725435
A22SA9UNKANYRV	1.0	0.9015941428044995
A22SSONOV3TLLT	1.0	0.5634098997656611
A22TDUQ2GM18OL	1.0	0.7078800448618633
A22TV6QNC1P9AX	1.0	0.9210499624456413
A22TX5JIV4KE3L	1.0	0.9399391891334489
A22UDNV4WMQ8LZ	1.0	0.8289262032768299
A22UEGDX65VTZZ	1.0	0.8728682012232908
A22UEIZUHDCPHF	1.0	0.8866349650641482
A22ULJRBB07J3U	1.0	0.9094674165193906
A22VA1RO7FC9DS	1.0	0.8612358607673215
A22VNXHU6IZ5MT	1.0	0.7464888206388968
A22VZ4GIQN0GNZ	1.0	0.4085156819156747
A22W8HWB3JI2O2	1.0	0.8712831841768014
A22W8QGEW5E201	1.0	0.9341379825788205
A22WGHUQ32Q1M1	1.0	0.4001325559581784
A22WY238ZYNOS1	1.0	0.43853233234802524
A22XNMN668IGYS	1.0	0.4985358230487107
A22XZD4Z330L61	1.0	0.9129487603350128
A22YDWGMZVVTR	1.0	0.7776668581002074
A22YV5ECV6LHG0	1.0	0.9118576456402766
A22Z6WUSTBJQK0	1.0	0.8635240771399348
A22ZCVMXSHXOFS	1.0	0.6229868431832729
A22ZTTVSPON259	1.0	0.8816668751838093
A2301BICQ1SA74	1.0	0.9238801860267802
A2301NWY7XMHGY	1.0	0.7291335939943029
A230DHV0SJROZY	1.0	0.6115107573642153
A230EQDXU771M9	1.0	0.7614954792182477
A230JLHF04HGU6	1.0	0.97082524877449
A230KCMNSU5FFV	1.0	0.9283654244068538
A230MXOPPE503H	1.0	0.919194520063975
A231OAMWPDR8G3	1.0	0.9560276707169085
A231ZBNCHVVHAD	1.0	0.9654800892528805
A232A8PWAXIODE	1.0	0.9029506290498196
A232LQZMNLKZRM	1.0	0.6634597081338948
A23347TOF5Z2ED	1.0	0.9607062141736606
A233G39GPEFJL6	1.0	0.800757471569694
A233GB2ZR466QF	1.0	0.9412197474140016
A2340Y56ZNLNNG	1.0	0.8405019115852833
A2341V07DRDSC	1.0	0.9377719169135931
A234S6AT5TT18	1.0	0.9195145872753636
A234X1MVIMPMMC	1.0	0.9353208200114581
A2350YI3RTK0OB	1.0	0.42161710351231757
A2355IDBJ4DJ64	1.0	0.8363789272554537
A235NA61RC6YC1	1.0	0.9841870316571233
A235SL9JU3D5EK	1.0	0.876496280935433
A2362GM1UJ5ETU	1.0	0.8269088382634365
A236G9CMWRTKEQ	1.0	0.8223151914771033
A236IE02XA6YB6	1.0	0.947919050998554
A236RISSRZP8OA	1.0	0.8170857512544583
A236XRE6MLXPKY	1.0	0.922215467724549
A2378Y827M4QLC	1.0	0.26387411820599316
A237CV14Z9AI94	1.0	0.9169599600950677
A237E0FTADYM58	1.0	0.7284185929590593
A237M7IG2OT9NE	1.0	0.9622549047743335
A237PG5L4HJ54Q	1.0	0.9383983059587957
A237UQWA01EGVD	1.0	0.9175881220869556
A2380MK3A42Z1C	1.0	0.6935713967350178
A238AGIT4ECHIR	1.0	0.9074660471750774
A238ENWFMI3C7Q	1.0	0.8640722768333825
A238FWM9874R41	1.0	0.9104595396370144
A238QQR1TCEOPB	1.0	0.5101219390596519
A239C97ZMJEL7D	1.0	0.8535915241688752
A239FEVELK4HB7	1.0	0.9429672523976733
A239U1IB5O9IAO	1.0	0.3829241217283069
A23A25I667ZYN	1.0	0.832412956374475
A23A6YRQRXF06	1.0	0.9676495204376833
A23B07CAO7UZOL	1.0	0.9520895829699672
A23BDGODZVA1OZ	1.0	0.8950833585601856
A23BRHTZKWO76M	1.0	0.8160982565779935
A23CTVUC8DBPIJ	1.0	0.8010603752846843
A23D5WOIZH9QN2	1.0	0.8927975041527655
A23EB8NPKMV5UG	1.0	0.8611959758964832
A23EFZLEIZ0RBL	1.0	0.8306588379215367
A23F3P9YHK18U5	1.0	0.8488528256580509
A23F5CMSAF3SNX	1.0	0.7927687654593242
A23FQRKY8W2MM4	1.0	0.8887931266932484
A23FRCZ4OZ3ZJ4	1.0	0.8701106711946541
A23G4OWDGQBCB6	1.0	0.9314177578685061
A23GCAHRORAPK7	1.0	0.8357254284756533
A23GH4TQ5RWPQ3	1.0	0.9280184334240286
A23GHQJESUQR7C	1.0	0.7441484231876072
A23GXZRKL7BFQE	1.0	0.9583270887662931
A23HHPYPZCIEKP	1.0	0.9440632997099728
A23HLW79K854H3	1.0	0.676064899068421
A23I4TZSZYSY1Q	1.0	0.9579652039353888
A23IAJ7OW36J8T	1.0	0.9330483004941833
A23J2FLHUOHKBG	1.0	0.9389959786399371
A23J3S83QY2MB9	1.0	0.9334238300175838
A23J9LNV0F1KL8	1.0	0.8349521429212241
A23JF3C107OHD9	1.0	0.9198534781337916
A23JQRHND5U6M4	1.0	0.9762805474856849
A23JVXVEV846FT	1.0	0.9776929048514892
A23JX4TOVZCJJG	1.0	0.9648903994981463
A23LHYBAB2SXWC	1.0	0.9564273583281298
A23LL2GICJVPMD	1.0	0.8143614408334195
A23M4BV6I1GGYC	1.0	0.9552626149035635
A23M6VIVO3MU0I	1.0	0.8701912587787285
A23MVN1HFHEH39	1.0	0.892438942891115
A23N9PENVBQ6HC	1.0	0.9052728912860832
A23NGCZPPFL6A3	1.0	0.9517558099345682
A23NHPJ21SKHYL	1.0	0.9486078528856506
A23NIG3IXQ17V	1.0	0.9627808020843247
A23NJ90CMJX1KA	1.0	0.7031541250558955
A23O628W3SCBLZ	1.0	0.9848932103400253
A23OB9FM3MUYXT	1.0	0.6161501784937521
A23OQL552RQ7UN	1.0	0.9812286914672487
A23OYW0FAZWAK2	1.0	0.9365933616602972
A23PHJVJY2DFOD	1.0	0.811609722334558
A23PP59ZKZPB0L	1.0	0.93138317190334
A23Q1T4MXZHFM7	1.0	0.48855294462337945
A23QGP59CNRSWI	1.0	0.8172836070090543
A23QQRB99XE06F	1.0	0.9022189822405513
A23RAZKNJLJ66P	1.0	0.8531895645864115
A23RSMILOF9WK5	1.0	0.9391497911959442
A23SGWPQOSN63I	1.0	0.8453319506559858
A23SY7NU7HY3QY	1.0	0.7537813942653453
A23T4KVDD5L2FI	1.0	0.877308487753152
A23TASH0JUR2KG	1.0	0.918230404232046
A23TU73Z6LVKDL	1.0	0.942728176853137
A23UIRG7RI24UT	1.0	0.7349709378990554
A23URO8QN92MO6	1.0	0.8068082485408182
A23W7C6FB9GMWN	1.0	0.7776657169819452
A23WDX5PLC90WE	1.0	0.5051443178988492
A23WEC3USQ2REV	1.0	0.8882441087974036
A23XDLRMGN5BCS	1.0	0.3450850780600647
A23XEIHINSBVGB	1.0	0.9654091317499571
A23XFYZYXDHGXY	1.0	0.8750285713008286
A23XH1Q1ET963X	1.0	0.7501244417328009
A23XM3YT3QH1AF	1.0	0.9351514553403687
A23XW372CMUKN9	1.0	0.7749951963236134
A23XZO4O454SX5	1.0	0.31533860742049225
A23Y7ESOGEBSZT	1.0	0.7873888736298112
A23YF0A8PNFYIU	1.0	0.9474554724517521
A23YJJQYTRXNCT	1.0	0.7639352916637004
A23Z00ATE64TGM	1.0	0.8047689388148226
A23Z05MLO1P0K9	1.0	0.9353364139890591
A23ZCTK03U40QB	1.0	0.8818938235054068
A23ZL76BLN35W2	1.0	0.9564158332636739
A23ZOHTHNK88YY	1.0	0.9426911725059014
A23ZUK1J474V80	1.0	0.9540672619343581
A24018K4MBRQ0M	1.0	0.9346618959118472
A2403L219VOFGV	1.0	0.8514152714825252
A24075IEV3O4MB	1.0	0.8395440025332538
A240JVH418BHUX	1.0	0.6806502000276294
A240OPFMO3473B	1.0	0.9845401209985744
A240OV0QY5AW2A	1.0	0.8510397824112576
A240VC7ZMCO20P	1.0	0.8824215159857595
A240XMUR0U8EOU	1.0	0.684944889095052
A2418ZET66CQ0N	1.0	0.7991121211304996
A241NF2O6XD5MA	1.0	0.5743556230777433
A2426IFUVGA9C2	1.0	0.6833050190256934
A242I5IK4222MT	1.0	0.8544890612107544
A242NSKW8I2T62	1.0	0.8357520085401126
A2437IAFU9O6UL	1.0	0.89404310445982
A243M3KH1V82SL	1.0	0.918513852536607
A243M7GLKF4HCG	1.0	0.8888112885262129
A244A5M5A8CILM	1.0	0.2440378652004212
A244I0L3B89G0B	1.0	0.7665890481011479
A244LMNTIPYVUA	1.0	0.8112382428884604
A244ZOEIN2H8A7	1.0	0.8858032156425649
A245ANAN6N149B	1.0	0.9805868789128551
A245XRTEB2IQKH	1.0	0.7520256106424394
A246BU2DG7JC8I	1.0	0.9674567102957402
A2470P8EKBKMA7	1.0	0.5848926002830086
A247DQVC4G8OPJ	1.0	0.7301431343956059
A247H1ADXF0J3Z	1.0	0.8179627742383371
A248LSBZT4P38V	1.0	0.9518722930842732
A248ZXBCVB729L	1.0	0.9518722930842732
A2499IH4S2OY86	1.0	0.9483399639545991
A249A3EOTFJ0PW	1.0	0.9174285561202281
A249SDMO0RGE1Q	1.0	0.822252702722735
A249X4ZSWXHX8Z	1.0	0.4705480952062837
A24A5RKKXK4B9C	1.0	0.9325773352293378
A24AGZ8LUR9WHE	1.0	0.6787099254806188
A24AIUX3YMK3WT	1.0	0.9114704101558294
A24AJZ8ZQPK92G	1.0	0.789615031454575
A24AKH6PXT116R	1.0	0.8769137174806022
A24ATPX2KOFZT5	1.0	0.7787662346168147
A24AW2AQKNRD4E	1.0	0.8284597142887559
A24BM4IKRZ8L19	1.0	0.6621641954279225
A24C5LUOTVOYTK	1.0	-0.0006877091228121683
A24C9PLJ5NW85W	1.0	0.9341112872925156
A24CE9Q5NX2KDE	1.0	0.9051881185419951
A24D0DSUY34824	1.0	0.7593497469462007
A24D2VDOAV1UK8	1.0	0.9395728413601016
A24EQHOEJN266W	1.0	0.7583933301698614
A24EXRGZ24WZ22	1.0	0.8761722159284369
A24FCA4SK3Q3XY	1.0	0.849400578334592
A24FGTM9ZKNEHP	1.0	0.6340975158621356
A24FYAG788TNTR	1.0	0.9046545296300164
A24GANKHQ3C94Q	1.0	0.9419927786754576
A24GBE4CTINNA2	1.0	0.9083986235511637
A24GF60I5H7WJJ	1.0	0.8431256359254915
A24GFX679YQH5L	1.0	0.8680775224143251
A24GJK93Z36LXE	1.0	0.963456163208072
A24HSAT7C9F816	1.0	0.9659801725270213
A24IBBUZIHTPRQ	1.0	0.8344220782974796
A24IE7V4D395BE	1.0	0.8805029741241739
A24IL6Y3A4HIR1	1.0	0.9091943488951405
A24IM79W34A98F	1.0	0.7911875821520304
A24IS3XC60NAY	1.0	0.8401636537354038
A24ISEVWULRQXW	1.0	0.916478186443941
A24J9ZEJ8454F7	1.0	0.9011862896410044
A24JJ3VK3DOTTW	1.0	0.6901899579441735
A24JJPT9JK7973	1.0	0.9779364070906696
A24KKUTOSSXVCR	1.0	0.8546728152574695
A24KMCKM63KOSG	1.0	0.7845221632915291
A24L0M47A6BN9P	1.0	0.45799313049182555
A24M3LUHWCMZ2W	1.0	0.7511730183068052
A24MA24TI2GJ20	1.0	0.6282305867557804
A24MDRAZP8DE74	1.0	0.5887643665914526
A24MV34PBNOTYU	1.0	0.8092829135453116
A24N1BAS3CU27H	1.0	0.8939293353337674
A24N2QCM2D6NYC	1.0	0.9514325676172591
A24N7VWTKLR3EC	1.0	0.8980132007842451
A24NL78E7KQLZY	1.0	0.8059104743367019
A24NXVSTXBB2YV	1.0	0.6663533341658427
A24OL8A7QKQGN3	1.0	0.4518287077811763
A24OXOKEZNDEDB	1.0	0.9618680099687185
A24P8GCVTOTHTL	1.0	0.8692615918695927
A24P8PYOR3DN0S	1.0	0.7247982709722073
A24PQQLD9KHVAZ	1.0	0.8518446052480262
A24Q929RHPV5VN	1.0	0.8853559795141437
A24QYW6VL4L7CM	1.0	0.8925581774235488
A24RCRRJE5EVEG	1.0	0.8810995362897683
A24RL1C6HPTNTG	1.0	0.7438112766952606
A24RM9O2DYDRR8	1.0	0.6017556001258103
A24RRTWFT5KILR	1.0	0.9359414209838811
A24RWM7GDJ5V63	1.0	0.9626315618652183
A24SAA1Y7UULLT	1.0	0.8727348185702176
A24TN4X43ZAWDV	1.0	0.9179716844350024
A24U1WUJ0HSMV5	1.0	0.7971718220011947
A24UZ10D6K2Q09	1.0	0.7034854117307066
A24UZYFHMHMM0K	1.0	0.902163849752865
A24V7X30NIMOIY	1.0	0.8351821978399495
A24VAVS2WXP3QP	1.0	0.4803885445228737
A24VC4AAML4CN6	1.0	0.9463978874433258
A24VQ6TG2VM4Z0	1.0	0.9733865734243189
A24WEGHUIW5ZQH	1.0	0.6979262519362474
A24WPWAOQZCBRC	1.0	0.9417606367385655
A24XBS8982JPBZ	1.0	0.8277048750523578
A24XQKM79FYFV0	1.0	0.707967338941712
A24Y2VLEWLA1H5	1.0	0.8696681687616269
A24Y4U7T409ESW	1.0	0.7069035815160768
A24YHKCMAKTCZQ	1.0	0.7281931632055206
A24YMWBNNH7A6S	1.0	0.6619092902731042
A24YYQXR82CKHJ	1.0	0.8819414933829873
A24ZUL4BK5L68C	1.0	0.7796716171037413
A250A5TRKUY668	1.0	0.5889642216107034
A250Y5ZF31QQTE	1.0	0.601640192257637
A251HNAGBEROK5	1.0	0.7638104096208452
A251ZEUL2H1R9R	1.0	0.7836566670497347
A252B949T70W4L	1.0	0.8909361496476031
A252HNVAZENVNE	1.0	0.9724219154038636
A252RAME1G9I25	1.0	0.9589859624472464
A252UVOWRR2KPW	1.0	0.8796212779944781
A2533CME05HREB	1.0	0.9066902085914847
A254KBQG5XNX14	1.0	0.8118106995442611
A254MDH9GJ1HQD	1.0	0.9375456216414368
A254N8K05ZWM4C	1.0	0.5457370421764085
A255DFIUTVMC60	1.0	0.9324017325108173
A255G0KORJ3W0O	1.0	0.8748915823399646
A255LDQWWXHQHD	1.0	0.7361443946421374
A255NFJWERWF7D	1.0	0.8763309372924812
A256JOUD8X0J7R	1.0	0.92371632829651
A256OLHSQIPZWR	1.0	0.612736832627505
A257C8L4PTZKNO	1.0	0.8553569708761305
A257TYBMZIURCP	1.0	0.6980370902799335
A2582KMXLK2P06	1.0	0.8654282066473529
A2587O5MTO4A88	1.0	0.8746501312852372
A258EBXKVPKQ9C	1.0	0.9119794491512838
A258NQVZ90T3YO	1.0	0.8198100610069835
A259RLEINLUBJ6	1.0	0.8752686099784908
A259U48HIRV9QR	1.0	0.9699192814735549
A25AKAVI522CB0	1.0	0.7583694006375656
A25AKKNVLLYSOK	1.0	0.958678319779499
A25AU9Y3BVJU5K	1.0	0.8892063979515166
A25B0GGQ07WJPO	1.0	0.649163858177213
A25B4JZVPOFZWT	1.0	0.7249066804318643
A25B83TETXVD6M	1.0	0.4613371192966462
A25B8W9VSY0C5Y	1.0	0.963696278351964
A25BAKMY14QG0P	1.0	0.8912309682403069
A25BH80NSNN612	1.0	0.6600211806281502
A25C2ZZ7WCJSSR	1.0	0.937949309658693
A25CDTAVNBXWLB	1.0	0.8293395166631015
A25CQ2MSSWG0H8	1.0	0.7049040439559441
A25D4RH034GNND	1.0	0.9571311359523796
A25DBUKLQ1M6UH	1.0	0.8810995362897683
A25DP3DWUXSS48	1.0	0.6557104000208773
A25E9K8ITX305O	1.0	0.4792844725788574
A25ED7SNFUK9SX	1.0	0.9306212559130839
A25ETQX6Z2U3T7	1.0	0.9245590056260676
A25EZMVLNCF8OP	1.0	0.7851362729457668
A25F7IE1DPMWAN	1.0	0.950949362942161
A25G0WXSQ7MWQV	1.0	0.7349252812273862
A25G88TQU3AG7B	1.0	0.8947511784873762
A25GDZFSOV4WUF	1.0	0.9510095174531017
A25GH000CFEJAA	1.0	0.9068309220545476
A25GP7SLQT3TYK	1.0	0.9471890384775254
A25HA521OXNQZF	1.0	0.921685287252601
A25HL3QXUGUA41	1.0	0.3910516904870255
A25HMVL101P0RT	1.0	0.886640327498806
A25HXZYBETEVW0	1.0	0.725408377884889
A25IDE0HDW6R9X	1.0	0.8796241754033073
A25IRT3US6CTXW	1.0	0.8874846291606273
A25JNVP870P46S	1.0	0.9397509513716814
A25K9NC6TSW0JZ	1.0	0.7520810686464656
A25KDGSE2EVYXY	1.0	0.7599162508524299
A25KGJL1OX3EC1	1.0	0.9435627989113137
A25L547KQ1WV0Y	1.0	0.9428234558661502
A25L5ZKTSXRYWY	1.0	0.7977446665859504
A25LBCZ5BLDPPB	1.0	0.8599752520422798
A25LOA48NZ89TZ	1.0	0.7032793834443455
A25MDGOMZ2GALN	1.0	0.9497617309139017
A25MGUTNWJ233F	1.0	0.3987902269388498
A25MQXI9DDL2ZT	1.0	0.9430915328800415
A25MSC2W32K5EA	1.0	0.9515086779028279
A25NBCG5C1DT11	1.0	0.8606549860461419
A25NLJU2DAJV11	1.0	0.8576949534375353
A25NP3DWJ94FDS	1.0	0.8894383149527029
A25NVX0SZDYEWX	1.0	0.9279619110062749
A25OM9GZSWNK5M	1.0	0.6955899851701095
A25OVJQDF95D8L	1.0	0.8518486531179681
A25P43GICNTFKQ	1.0	0.9571311359523796
A25PFM3X21ECQP	1.0	0.8662380166930094
A25PISCGP9QQOA	1.0	0.6569886879072693
A25QGSC5CE9K35	1.0	0.717661968044534
A25QOJSQ3LEJ6I	1.0	0.7632415266785723
A25QSVB2VE7MSF	1.0	0.8853183449443021
A25RBRGURI8LTD	1.0	0.5045101844680026
A25RIM44DKKQDK	1.0	0.9367301088437315
A25RJ343NW3U9U	1.0	0.7755166911490872
A25RJE09TR901Y	1.0	0.8426968167447116
A25RX293UY8M1V	1.0	0.8148598919984834
A25S1X3LNS9VRI	1.0	0.8328011237129269
A25SUULJD4KL4J	1.0	0.9300280514277409
A25TM6Q7ROIR0Y	1.0	0.5188607947399101
A25TY6YMRGP8V1	1.0	0.9672203755164664
A25U18OPBMLSJL	1.0	0.7709126519177184
A25U2K34II1BFT	1.0	0.858906770555767
A25UECVKS2E2ZF	1.0	0.8747591262164769
A25UQI9V8XDFK2	1.0	0.642095480521943
A25UWXZ2A92OM1	1.0	0.866431054195483
A25VQHUDYGOVVS	1.0	0.9054768962903132
A25VQORE9NAF4Y	1.0	0.905350923323713
A25W5VJ3VN8D5P	1.0	0.9025779697719712
A25WA47V0Q5KKF	1.0	0.8553457428700911
A25WABEI98HH7T	1.0	0.8913498095688298
A25WJGW9I7O9HM	1.0	0.4538478161844119
A25WMDPFXUX5YL	1.0	0.7573158844528486
A25WOBMVXD2GL1	1.0	0.9626315618652183
A25WTO7772U8T8	1.0	0.8729993788351356
A25WW1BN6BMGLP	1.0	0.4075232958662497
A25X5HEGRN7FG	1.0	0.9431182463510185
A25XA36D39MQAE	1.0	0.8285243718210087
A25XA8H2LXJ2KH	1.0	0.9026716123343598
A25XSIBNY5NVBD	1.0	0.8685187015853706
A25YMJ73X0ZVC4	1.0	0.9497617309139017
A25YUMUDUUL9KD	1.0	0.936831965557617
A25Z0SF44JJY5Z	1.0	0.9474793255315399
A25Z2NTT932UW9	1.0	0.7876099091354539
A25ZJI9Z81HQ4M	1.0	0.6631889049728088
A25ZLRIEMZR6ZT	1.0	0.891258357639911
A260QDPOB2XKHP	1.0	0.8946220090747925
A260QLS8Z33KCQ	1.0	0.844364042680762
A260VHH71O75UL	1.0	0.9199595204952
A2616YSIRQGFG4	1.0	0.8466948036430562
A261OKTW1GEOFW	1.0	0.8362120076313783
A261YGVY9WP9ST	1.0	0.8106085042663421
A2629G985RYHPN	1.0	0.9706867125719976
A262B3K57YX1CS	1.0	0.951314375699743
A263FSTO0T3PVC	1.0	0.8200192707999778
A263UBI8SAZXQQ	1.0	0.9536203629957231
A263UOJSPTGDAG	1.0	0.8596675692928819
A264LJ7DXWHJQH	1.0	0.87397917094858
A2650UP9A4PUI	1.0	0.8049100664590695
A265D75R0NY56	1.0	0.8853823450118028
A265HF87T14R7U	1.0	0.2237231603944831
A265QEIO9SGDFK	1.0	0.8420497809705395
A265TFNCE8WUR2	1.0	0.8925916920092348
A2660KVGU7VD6K	1.0	0.9137788030811627
A266JJFY1UJ7JE	1.0	0.9501968627367287
A267M8KK5JORNF	1.0	0.7504072036472328
A267S325EQ7B44	1.0	0.9482340241256195
A267XT3BXRAYS4	1.0	0.8749049880658428
A268JN94SNPE3Z	1.0	0.9589322039725305
A268MFPSNVICJS	1.0	0.823770809486066
A268P9HZD272Q7	1.0	0.5794899279873821
A268RONVNEEA43	1.0	0.7969283876069002
A268YG1WV66PK1	1.0	0.879946471407003
A2696CFF1SBXH0	1.0	0.8550148550808679
A269LX4QTZBHS9	1.0	0.9331696079018749
A269XT93KVUMJV	1.0	0.9723155474484593
A26AXKYPBN6I67	1.0	0.9633100706632286
A26BO4MN4NWHH9	1.0	0.9146771553320999
A26BPQRR1MLJPG	1.0	0.9195028312582758
A26C4QLW0KZETI	1.0	0.9733865734243189
A26C72DWWYGUEF	1.0	0.8644313873323562
A26CB9U25SNRQ8	1.0	0.01840560255043591
A26CCP0YRR14AQ	1.0	0.8922606299497835
A26CDIM2XBLLLL	1.0	0.9737277362258759
A26DC07978BAWD	1.0	0.9394165856519335
A26EA24DQWPXWI	1.0	0.7013378161217244
A26ENEWBKV5ZF3	1.0	0.9706867125719976
A26F0QHBB1NW3H	1.0	0.8699472001751981
A26F8ZESY2X040	1.0	0.6057186382410128
A26FRGMW71X12N	1.0	0.9043650082974024
A26G36QPEF062A	1.0	0.7661502278736951
A26G9LGXEF682D	1.0	0.9379020046567441
A26GRWSM1Z4EAZ	1.0	0.9028174290749424
A26H2CIFFQUYWP	1.0	0.9174426579524688
A26H3QKZAZMNH9	1.0	0.9318925712896914
A26IFYUN4MTRU5	1.0	0.9302441036429399
A26JKLWHJEVNFM	1.0	0.9180031835934008
A26JO4O72YJQVO	1.0	0.9794137799993028
A26JQUW4QYPF5H	1.0	0.8105991213480181
A26K4ME3IQNKYA	1.0	0.858093060864299
A26KDHBS79H0HS	1.0	0.8817853816187419
A26KNV0HTA4U5D	1.0	0.9010060049082913
A26KYDKUHW2ND3	1.0	0.9433075116530879
A26L99MGEV891D	1.0	0.8090944379140949
A26LFBT97LLT6Y	1.0	0.8986109762720753
A26LO48CC08AIL	1.0	0.7356679813092971
A26M1I39ZANUCE	1.0	0.8603894395020721
A26MDD444A02X5	1.0	0.9521438218471264
A26ME3UYF7G3W3	1.0	0.9340624123958529
A26MO5633BVBR	1.0	0.6789847049392533
A26MZAOZJJWAV9	1.0	0.9539311714932064
A26N27LJVQNVI1	1.0	0.8789818133865478
A26NLSTT75FMJM	1.0	0.6948687941920252
A26NUN36R7KYMH	1.0	0.923933061032874
A26OALL5BYR5UH	1.0	0.9822577156162126
A26PILX2VX5ASN	1.0	0.9618680099687185
A26Q1F3HVWY1Q3	1.0	-0.17490949257667754
A26Q3LIFIMUYMX	1.0	0.730390004133023
A26QKLNRQHKDB4	1.0	0.7550308478839215
A26QQ25ME462ZH	1.0	0.9338067362803746
A26QS72OU953GD	1.0	0.9179054020699962
A26R51YHBDEFVT	1.0	0.9236169218233052
A26R6G1Y373FWQ	1.0	0.678224155766498
A26RIG340ORKA0	1.0	0.751469994184903
A26RVUJZCE3G3J	1.0	0.8381193651532451
A26SFT1QNKMLSL	1.0	0.8525904919623606
A26SN39Z9AJC0Y	1.0	0.9195234456461824
A26SYWPO0N46R	1.0	0.9195145872753636
A26T5B3755WS84	1.0	0.9405545629394246
A26TH3YW0QWPI7	1.0	0.5833263025982193
A26TKCQ3BM4BK8	1.0	0.9408905887220079
A26TWY9AD935HC	1.0	0.8201583009239592
A26UJ99LFX0R5L	1.0	0.7987595523539844
A26UT287ZU7BH4	1.0	0.6859572759914079
A26VW0GBXA65DR	1.0	0.9201721617343391
A26W1UX7E3AW3J	1.0	0.9653257758744324
A26W9APKJGXU37	1.0	0.9198700454831571
A26WA4DND580G3	1.0	0.9094538720440501
A26Y3WOLEBRDEF	1.0	0.840974318551445
A26YHHB3NY6416	1.0	0.7437428342764697
A26YREV8F03L2Q	1.0	0.6997153770518663
A26YWG3VG107OR	1.0	0.9004444049804571
A26Z1Y4MKO8AAX	1.0	0.9108408787357141
A26Z6Z5X6V8X7	1.0	0.9259959785582289
A26ZTFWPTLLKIQ	1.0	0.9039828429316606
A270049CBETKR4	1.0	0.9697864206800508
A27062SXXSCQTC	1.0	0.7313307355671022
A270WQDVN0X6J7	1.0	0.7469925065139723
A271CFYWWR623O	1.0	0.8984603201089237
A271N27P1BBOSX	1.0	0.8491094804259973
A271O9APH0W3JP	1.0	0.9231483043382206
A271PRFDLXCAF7	1.0	0.9654800892528805
A271XFZ6SJ85NM	1.0	0.9658212520544376
A2721MCEZBYSHT	1.0	0.4760244428405256
A2729AQCW8EGAP	1.0	0.9802337895714041
A272OH0XGHKNBR	1.0	0.9352665099329314
A272YRDI49GO15	1.0	0.9841870316571233
A2731DW43FW82R	1.0	0.943784562783374
A273Z5KV7VIN9P	1.0	0.8679336263178856
A2748AP5BY6NU9	1.0	0.8308606773632582
A274A6A5S8OXKA	1.0	0.8956215202139622
A274G2PJ4VMRW6	1.0	0.9337848932373696
A274GRIWXGFTCU	1.0	0.8444459548827588
A275HIC6MF7GPW	1.0	0.9465931136466369
A275HMOASH2BVX	1.0	0.8546560557133691
A275RDLETWT4MC	1.0	0.930591195108302
A275VBSZSMJ0SL	1.0	0.95891600162454
A276MSM3B2SUPW	1.0	0.8982209736170728
A276RHM6BBPDTY	1.0	0.9447492208038293
A276YDM0MOLKRR	1.0	0.08678598970842244
A2787LON6VPKZ2	1.0	0.9241556559928646
A278QBFR21EUR	1.0	0.9123187887358059
A278YO6V8SEBSA	1.0	0.8639348470437811
A2791LAE914OB1	1.0	0.9762805474856849
A279GTU58RSI9	1.0	0.849428885826834
A27A6LA8GZRPHA	1.0	0.8806927654320806
A27ABSWSJFIEIJ	1.0	0.8141616295187316
A27B3GYLSDU7Y6	1.0	0.8659653455469277
A27BWNK55W4GZK	1.0	0.9215326599844841
A27C27XY4DL3JD	1.0	0.8073819423964808
A27C7RIOTMMN2O	1.0	0.9544392122208143
A27CN1KZX30DBM	1.0	0.9527640158716935
A27D4DN0N153XP	1.0	0.8470973973632411
A27D9NBOCLFOHJ	1.0	0.5567851000084879
A27DFBSDB4YQ66	1.0	0.9288416424570547
A27DLB0ZPH116S	1.0	0.9777091431848742
A27DR337ZXDNYL	1.0	0.866062819105037
A27EKTS702BXGA	1.0	0.8511351037785005
A27F84VDIVA6CA	1.0	0.8704998754642259
A27FP0S5QH7GNE	1.0	0.9500202102514549
A27G3O5CBRXG3J	1.0	0.907613468024548
A27GGB99E9U6SQ	1.0	0.8633038018027744
A27GTBNUF8DUEF	1.0	0.7445125795445409
A27H49VIBEKI2G	1.0	0.95891600162454
A27HKE3D4C3V9Y	1.0	0.8435069992601617
A27HLH6B9ON801	1.0	0.877471119255715
A27HTFG0450FR0	1.0	0.9275250311053598
A27HTK2Q7BGLNN	1.0	0.9600239855502207
A27I77WY8RF19X	1.0	0.8907469296398075
A27ICF1FRK1KJX	1.0	0.9228084734286659
A27IKLC6LKHWF	1.0	0.9241825440516186
A27J1AH0L50RK	1.0	0.8340753859594189
A27JBG4ZVVI15I	1.0	0.9152418201667822
A27JDEKPZITWW	1.0	0.8513663025823425
A27JQB7JMGFLKR	1.0	0.8288090399211313
A27JUESAPPL4QN	1.0	0.5567163261395256
A27KJ8CX147CK9	1.0	0.9802337895714041
A27L1B2EXM19SL	1.0	0.6997242635116608
A27LFNOWXL1I7C	1.0	0.8642444539000932
A27M4E351NXQEQ	1.0	0.9273373361222598
A27MW09UVR0R0G	1.0	0.8065194630596717
A27MXI3VBAQ95A	1.0	0.932089028223057
A27MY21JLR2UG8	1.0	0.9158867024604728
A27N1ZDYOHVPVD	1.0	0.8558076917095438
A27N5YZDM0LG8Y	1.0	0.9232330885100349
A27N9PHYUUY7QM	1.0	0.9477778996592346
A27NFTK74JK6PU	1.0	0.9820174574215219
A27NZDGOHSBIWH	1.0	0.9284370283060548
A27PFVMHMN4XTP	1.0	0.7188522762684553
A27PN5ZRKB631V	1.0	0.9312433070245059
A27PZYF0Z0P3Y2	1.0	0.9510095174531017
A27QAMCCGMFMFS	1.0	0.9328802107372423
A27QZFQMCV70PM	1.0	0.9357140141150766
A27R8QOGVRRBXF	1.0	0.8988344140867291
A27RIWPJMP3XYD	1.0	0.805943222883923
A27RXQ4J5MVYVG	1.0	0.8503348209945395
A27SJD1VM73SMM	1.0	0.910198721653404
A27T5UDSUKVUJA	1.0	0.8997853679418387
A27TA5OU6NL1EW	1.0	0.7972337706285025
A27TQ6L6C4XTYF	1.0	0.9462139620984255
A27TSGM1DQGLCR	1.0	0.8291307019268798
A27U1QIOY2JBBV	1.0	0.8263209236202409
A27UIEEVEKJQIK	1.0	0.9140499415076816
A27ULPK1RGCNU6	1.0	0.7495414811815664
A27WHUMOECD980	1.0	0.9382111798731234
A27X5H1RZZMUC0	1.0	0.7935127830069441
A27XROAR2YDQDN	1.0	0.8875685833782215
A27XUU8ZPM5UUW	1.0	-0.18288637429003804
A27Y1BJ4SPQN99	1.0	0.8642471629899191
A27YS4JDS7J3IC	1.0	0.7015956321637916
A27YXZS8KA3SQT	1.0	0.7602791909806015
A27ZGBT2X9PEID	1.0	0.8796423622064529
A27ZR2PVK7JYCO	1.0	0.9231477621496942
A280KHZO2L7GKA	1.0	0.7027629993480645
A280WGX7H54GMT	1.0	0.918383209988697
A281DXZBJSUHPQ	1.0	0.6490801005797496
A281GU0CAUUMWP	1.0	0.4619895393711879
A281I79EHU3D2M	1.0	0.9379125253502574
A281LFI06DC6KB	1.0	0.7962729102722788
A282MIMAK7B36H	1.0	0.8484887895934486
A282WZAJIBMJ4T	1.0	0.8008079156473902
A283B390GRGPY1	1.0	0.9347056912634905
A283HYRKHPCZT5	1.0	0.8221900868408
A284MUH12LIR1	1.0	0.7365449784981972
A284OYO8DTZCK6	1.0	0.6260387552031708
A285U991OXJQXE	1.0	0.9265971324831436
A28603GJVNJ4ED	1.0	0.7698610551578344
A28621TSIR5EOG	1.0	0.9164582851614564
A286A7A224F0JU	1.0	0.9196029556145298
A286WFGYWXXGPD	1.0	0.9674567102957402
A2871B9J7757JF	1.0	0.9025120458930671
A2877WXAPQ7T50	1.0	0.8667689977879391
A287IG1JJBF0QA	1.0	0.9116854772507242
A2885K9UV7HRAI	1.0	0.75406631530501
A288GQ0BYYGMR0	1.0	0.9672935629775865
A288LK7OJBBEUB	1.0	0.8828114722372812
A288N7XQGWLK0K	1.0	0.913997835645125
A2891HUMIUHSI6	1.0	0.6599308761255919
A289831IDMNLWA	1.0	0.729628991765168
A289CQCI64UA9Y	1.0	0.6394223453809995
A289FKI0KVB097	1.0	0.8185056055194566
A28AIBL569Y037	1.0	0.9203585029785667
A28AJ511MTC11F	1.0	0.8049796342779002
A28B0ZNBXP92BP	1.0	0.6764882482885826
A28B9AGQZO6500	1.0	0.9370064376396521
A28C3ZCHCNNDNF	1.0	0.9427680225722557
A28D19EB0R7QI4	1.0	0.9113708818937226
A28DT8S9KG44SX	1.0	0.44934022271172525
A28EON8IPPJXO7	1.0	0.9728773651767333
A28ETU4J2PG09N	1.0	0.8883868008300384
A28FCPE6ZZ84Q1	1.0	0.9560707434645015
A28FFEJ7FNXFVT	1.0	0.583028578915683
A28FI3CY4RITAU	1.0	0.7611588169127427
A28FNKCGFS03VL	1.0	0.9388200955514516
A28FR8TX6DFJQ3	1.0	0.790789352081218
A28G6EOA3LGX31	1.0	0.6354796623190367
A28GR3W8CKC1MO	1.0	0.956022752739578
A28H3AWXJR1NC5	1.0	0.8666898886390829
A28HFME4Q16M4X	1.0	0.9205560304842642
A28HK7Y8UB4620	1.0	0.8950599291972072
A28HZPK2ITCGNO	1.0	0.798489880064816
A28HZTGUEXWSGV	1.0	0.8490959727339092
A28I8BLNA188DU	1.0	0.3757438994537531
A28IAZZI0SNRMW	1.0	0.7143787773760883
A28K07PPQ3X43H	1.0	0.7775660261311838
A28KMD0JCC441J	1.0	0.9703979893590551
A28KPO5T8OHEFE	1.0	0.7327205799912729
A28LTWCS8RV0BQ	1.0	0.39307436089572584
A28LYKSQEB8WNA	1.0	0.8213752403811603
A28LYZLZ4QAMFU	1.0	0.9604675791428081
A28LZYXYDXDM7G	1.0	0.545364866523417
A28M14UKMDYE4G	1.0	0.8662550615286599
A28MG3XMQ0977I	1.0	0.9432055250468048
A28MHRAM6WZ5AO	1.0	0.8957522908341947
A28MTVKPR00HTL	1.0	0.9728773651767333
A28N19JIB5161D	1.0	0.8718271742795238
A28N6Q6EL2Y96M	1.0	0.8884048915579761
A28N7SV9HXLBS6	1.0	0.9510794782758081
A28NEJGL2Z81A2	1.0	0.9737277362258759
A28NNW5DLZH1RW	1.0	0.9514325676172591
A28OH5E53KREE0	1.0	0.2247756537934151
A28OZ3Y6MC711D	1.0	0.8295902519640493
A28P52NLQ6VC0X	1.0	0.6272639752836748
A28PJX9CUNBQA	1.0	0.8564162389004836
A28PQWS9Z01FG3	1.0	0.9802337895714041
A28QH2NBBLYNXI	1.0	0.9632671334307473
A28QTJQNBIQZPX	1.0	0.5050321853094887
A28RZ5BFRVFRDX	1.0	0.7656301895884575
A28SN8OHE9CUKX	1.0	0.8895572719918746
A28T0Y5BVMXGCS	1.0	0.9618799365086124
A28T1SMUVHTB74	1.0	0.8808537599179221
A28TDG1FO3O527	1.0	0.7400928427339427
A28U38G6RS57ZC	1.0	0.9177851834896463
A28UXKVPF4W32S	1.0	0.9340743511572094
A28V3U0MTBETSE	1.0	0.8051232635905482
A28V8F738Y1AYV	1.0	0.8570104749378682
A28VK6VXAFKMX1	1.0	0.9156043124257041
A28X62CFHD8BZI	1.0	0.4522432206042325
A28X7MM3JF8WF6	1.0	0.9458454576418125
A28XPN759HNNFL	1.0	0.7813683483496829
A28YGXV9M762SH	1.0	0.806728652924993
A28YK7B27X3N0N	1.0	0.9562630523364746
A28YLNWWWSB2II	1.0	0.3921097028752706
A28Z5TADF99R2I	1.0	0.779704066102023
A28ZWKE2ITTTMY	1.0	0.9250632630902182
A2901ODCE3J5HC	1.0	0.8542900950842275
A290EYKVD5LJIU	1.0	0.9441003954388387
A2916TBD8UON1L	1.0	0.7904781694568833
A29186X2APC7KA	1.0	0.946304790130234
A291BORO9XRYRD	1.0	0.9310418815641249
A291NNST1ASDCJ	1.0	0.9326455252751642
A292TIY3AXZLXH	1.0	0.9738944992349455
A292YSVNRMIY9H	1.0	0.9822577156162126
A292ZFVKSR1QY6	1.0	0.8393667538329229
A2939STI5Q8VF4	1.0	0.8474504867046921
A293E9LBGMKBF5	1.0	0.6467202832207732
A293EHO7Y1LG3S	1.0	0.8729989456030237
A293GSESZUQWX4	1.0	0.9661862679357827
A294C1V3Q0ICML	1.0	0.96270947278828
A294FBXS0APTAH	1.0	0.901234876456276
A294O7JR0MF3MI	1.0	0.7446716815331196
A295BBX25K5R8P	1.0	0.9550955226489638
A295DY9OIY6KWN	1.0	0.5968179791698128
A2966LIDHCRWK2	1.0	0.9101527472326951
A297O9K4DO23HQ	1.0	0.6916868949378145
A297RPI74R4ZUT	1.0	0.9746430609984359
A297VTPNRS7KX1	1.0	0.689848007966296
A297W40NNZ4S64	1.0	0.8211764777093143
A297YUBAARRHVN	1.0	0.7646469735865253
A298BISIOCKX4W	1.0	0.7700521203925346
A299RHMH1M9PIW	1.0	0.9234176660946801
A29A45JPQ0YQUX	1.0	0.40201734196875943
A29AD5XT473LRB	1.0	0.9487483839219638
A29AMK69FIR0JS	1.0	0.7646469735865253
A29AQW33B8ILM1	1.0	0.9104571463164726
A29AX5UV958BKJ	1.0	0.875589599967028
A29B9V1B0EGOYM	1.0	0.679877585209944
A29BA6LLBLJILF	1.0	0.7138951847896066
A29CFXRDHDAY8J	1.0	0.916327555564106
A29CU4A972A8BX	1.0	0.918678103577395
A29DFO5AT1Y326	1.0	0.9249213646709633
A29DK9VBXKNB6Y	1.0	0.9156509939988128
A29DMWQ045CBGW	1.0	-0.17586461331084574
A29DOPO3D7AFWY	1.0	0.9209351582856163
A29DTB91KV8AW0	1.0	0.9749628001237785
A29EM9ZBRJ3RII	1.0	0.6610393424795615
A29GB78XJTNLG3	1.0	0.9370319566401867
A29GGDC3XT9XBA	1.0	0.9546796310200761
A29GNZVGYXK7H5	1.0	0.9369961770205048
A29GTAGZLD0SM	1.0	0.940949419106224
A29GWLJ4FKJ4SX	1.0	0.8599418017923587
A29HJWVO1SAZED	1.0	0.8595699901083621
A29HO8YJP7QH8J	1.0	0.9550955226489638
A29HT9J9U4QPV5	1.0	0.7155216756387435
A29HTPTAH1VKXL	1.0	0.5575732654889896
A29HYXGAJTS76X	1.0	0.3872442057254325
A29I9WCVIOZ3I4	1.0	0.8984978513377442
A29IF7O5FIW9FA	1.0	0.9330787145544674
A29IOE7AOQ3LB6	1.0	0.7083803069422812
A29IZCYNP2F63M	1.0	0.6884460945356882
A29KR6W34H05IG	1.0	0.9649708810052949
A29LD3T5YXYYP6	1.0	0.6264055674733482
A29LYDAFVM64TA	1.0	0.8502246746157972
A29M1EKN4MD07J	1.0	0.834500828205474
A29M2O1ZP3S3MZ	1.0	0.9888464524257445
A29M6KB08IUF9Y	1.0	0.5551757608313282
A29M6SAVUYBIUX	1.0	0.406877562067651
A29N4ERT77EMPS	1.0	0.9084868276271276
A29NH49I8AULQG	1.0	0.9112399910240255
A29NM5ZSK47UR2	1.0	0.946335183880315
A29O0RTLQBLMYP	1.0	0.7254048526231187
A29O18VFJLL38B	1.0	0.9662081468600526
A29O3NE3A4EJ20	1.0	0.7631310952749025
A29OEPP0N74F2N	1.0	0.5555028538514836
A29OGJNNXXU9HZ	1.0	0.858093060864299
A29OI8WYGH7T4E	1.0	0.89010641888651
A29OLZNV6D1A1B	1.0	0.9770059809248348
A29P5SNM838GI6	1.0	0.9357293301105125
A29Q2YII3XKE3K	1.0	0.9112353884401919
A29QUFUSY8RXK3	1.0	0.8826504314640017
A29R1Y5SZ0LBP2	1.0	0.9008750510486876
A29RATMQFWDECV	1.0	0.6885773328240331
A29RB0AYWCCAS	1.0	0.9683740633142466
A29SBWIBG3WVO0	1.0	0.8814422856749131
A29SJE9QDWS9AE	1.0	0.9254780147225312
A29SM9BXWMMRN8	1.0	0.8226333897436214
A29SS7GR4SNK2T	1.0	0.8651943984423208
A29SUO69847PRG	1.0	0.5556226486041848
A29SUPSCBRJ12D	1.0	0.7632256105339476
A29SV4RG5VXPM	1.0	0.8082585516021835
A29SX72HBVI0PE	1.0	0.8745599921803646
A29T7UA2OEZE1W	1.0	0.8685187015853706
A29TAGKIFNC16D	1.0	0.9615268471671614
A29TBI1KA3XSVZ	1.0	0.8434176722531891
A29TL74WEE52V6	1.0	0.848870935401402
A29TM2NSHRQ0ZY	1.0	0.8538753541805688
A29TNAVMPYFRDF	1.0	0.799912750951736
A29TPXFKWDFYT4	1.0	0.9477378048690932
A29TZPXT9ABC4L	1.0	0.9429133561306356
A29V0OVU1Q6S6N	1.0	0.8862395952527102
A29V4S62IIJZ0T	1.0	0.8513007823457053
A29V5BNZCV0TQ9	1.0	0.4416323266830456
A29V7E1TFYXKJ	1.0	0.9674461511347047
A29VCG5YQPR81P	1.0	0.9545011495020874
A29VFVISO3AAAY	1.0	0.8694309638141596
A29VINXS0T87RK	1.0	0.9802337895714041
A29VO80HVLR50L	1.0	0.9556442890405316
A29VQYJE8RYEVP	1.0	0.7550412015776125
A29WOP35EHCFY2	1.0	0.6607284815621512
A29WRYHZC91MA8	1.0	0.7894265303402985
A29WYKYR3A6C96	1.0	0.7949044615620917
A29X867S4RU8Q1	1.0	0.9288416424570547
A29XSAYDEXOLK6	1.0	0.8255957650489053
A29YG70CRNEF7V	1.0	0.9463633429117394
A29YK82GBM9QRB	1.0	0.715307985875429
A29YS0NOYGFZ64	1.0	0.9767911929312548
A29YXBFTD7QUP3	1.0	0.8602054889876822
A2A04JIYZBH31F	1.0	0.8866325673586075
A2A0VKUWU39P9I	1.0	0.9654800892528805
A2A16X4TM1ZBPV	1.0	0.41423320007638015
A2A1AVOID5WSKV	1.0	0.7259400513249196
A2A1G4E8DCREBT	1.0	0.7051081301276757
A2A1TT7BT6Y2B8	1.0	0.9034767039135225
A2A2I9F3QDPB80	1.0	0.9683740633142466
A2A2IYIDN4BVHN	1.0	0.9783044735304934
A2A2JJ1O48XEAH	1.0	0.9459065529476958
A2A3NHA6ZMY56J	1.0	0.919384282260297
A2A3QL6M1J38JD	1.0	0.6649840690963181
A2A47PQOU15Z9M	1.0	0.9292773714484351
A2A48SUK03WF1D	1.0	0.7797294233933707
A2A4D87H90Z5L	1.0	0.8089773338718534
A2A56B1KS23X0Q	1.0	0.7817728937998373
A2A5LEWZ5D1AWA	1.0	0.8310407343002632
A2A6DLV86N8W01	1.0	0.9715596178148268
A2A6LKO4CC39S0	1.0	0.47561375322231986
A2A6PPC5QQSD13	1.0	0.8852740971512283
A2A74CNTYX43P0	1.0	0.6956346336636305
A2A788AUOVBOL2	1.0	0.9523518561516581
A2A7C92LC8HXD3	1.0	0.8814027374284245
A2A8O6QM7KNK24	1.0	0.806685375416774
A2A8O9PJP457LT	1.0	0.905383178509945
A2A8W31TX8P2LH	1.0	0.8081779742241896
A2A9KA1BBTQPC2	1.0	0.8922200460142525
A2A9SOXDL47TAT	1.0	0.9920935158285616
A2A9W5OQW1VAFP	1.0	0.8771223150248098
A2A9WLGE7KU8MK	1.0	0.8947452987933956
A2AA2TUY96DK5O	1.0	0.9531111547481373
A2AADPO6J2BVW8	1.0	0.6935766848407443
A2AAHDM93LC9BI	1.0	0.6795242458022979
A2AAQYYYWCB3BC	1.0	0.575151252242534
A2ABJ4XM4MJ5CD	1.0	0.8654241490220704
A2AC60JE8QH8UZ	1.0	0.8903293949245156
A2ACUYN4HKYTZF	1.0	0.7549916787526182
A2AD5CDZ2FUJIH	1.0	0.9362766146270904
A2ADCQKOPLX63B	1.0	0.9152191406238872
A2ADUP9GMV277N	1.0	0.96232630609364
A2AE6EFRF2MORE	1.0	0.8542636668828782
A2AEV767SDJOQJ	1.0	0.5930092402436563
A2AF0NOCM71J0B	1.0	0.9311584708682953
A2AFLQHGK4117F	1.0	0.7852170363584726
A2AG48A1ZOX45O	1.0	0.9093526746924399
A2AGXVQYBBG3N7	1.0	0.9733865734243189
A2AGZT91KB7IL3	1.0	0.8367239123637245
A2AHSKPIOUY8GC	1.0	0.8143441389054871
A2AI4FLT87NCI2	1.0	0.8474504867046921
A2AIP2RJT5WD86	1.0	0.9716027625234024
A2AIXGNFMSGVDM	1.0	0.7385943347526847
A2AIXGPS8ZI5W	1.0	0.7592463363304388
A2AJ76N7LS6GN0	1.0	0.8805723606850725
A2AJKTX73X15UH	1.0	0.793292006500642
A2AJNLI3V5O27F	1.0	0.7926754271601819
A2AJUQCBACY31J	1.0	0.9718809534813083
A2AJVRTVD7D1DU	1.0	0.9610794701849976
A2AJZN5PFL23KR	1.0	0.703735168830973
A2AK7RKO4RO32U	1.0	0.8814027374284245
A2AKM2MPT7XHXH	1.0	0.9753158894652296
A2ALWGAJQCMV21	1.0	0.6601658760227244
A2AM3I2D8KG6L0	1.0	0.9645154312324252
A2AM8OJXNYE84	1.0	0.9163057077385082
A2AMKJZI7YZEWG	1.0	0.6888376236547624
A2AMRC2BZDA82X	1.0	0.8718271742795238
A2AMROZXT52M2H	1.0	0.8959126337153719
A2ANEHT4K0IR2A	1.0	0.7890234574355345
A2ANX1TOFPNTHO	1.0	0.4966058667168897
A2ANZYE6HTIUAO	1.0	0.8641332785741167
A2AODKIDZAR7LP	1.0	0.8208370601290109
A2AODZ465PK036	1.0	0.8150719534395222
A2AOYPE2OK5TJH	1.0	0.786921759823853
A2AP7K307304NC	1.0	0.7798063806125822
A2AP904IYM6S23	1.0	0.9659660393878358
A2AP9414G211NZ	1.0	0.8601533619271876
A2APMA3JBYG9WC	1.0	0.7073723440221356
A2APTRQDU48IPH	1.0	0.7320244647169142
A2APW2UTPZ3WXK	1.0	0.7809954568273941
A2APW4BJ555B9Q	1.0	0.9540077526720001
A2AQFSA4CGACHP	1.0	0.5418262897473335
A2AQSVHN93PBF0	1.0	0.8218662328129768
A2AR8FNPBRGGVT	1.0	0.5211268312674826
A2ARBIWEV7E0IX	1.0	0.9715596178148268
A2ARE4ZEX5K3E9	1.0	0.936748126628493
A2ARKIM5U0N49T	1.0	0.9576682150853401
A2AS3AV2LCRXRW	1.0	0.9580473645073612
A2ASOR11FV0FR4	1.0	0.9098002438382216
A2ATEU9I4JN644	1.0	0.7412406255407971
A2ATONWD5RX7C0	1.0	0.9346681996858233
A2AUEPLXMX544N	1.0	0.410419647282445
A2AULKXANAOEAB	1.0	0.9691328554744677
A2AV13FWX8OCQT	1.0	0.8860652603377542
A2AV3I9XBJ3BWW	1.0	0.8473002689765486
A2AVENA0EZ2G8K	1.0	0.8374784785256782
A2AVMEB8PQOTTE	1.0	0.9920935158285616
A2AVMXNBKEL5T6	1.0	0.6471696688031839
A2AW2ELILR91FN	1.0	0.8961505929688419
A2AWK7MY5HKOHO	1.0	0.8346261024270792
A2AWOGIVKQZRP6	1.0	0.8709078394237998
A2AWQ2AEIJH0PJ	1.0	0.9093763202701267
A2AWR3ZZNBTI0R	1.0	0.5404210126867884
A2AX27OG45XL6F	1.0	0.966127480365131
A2AXAI2WGR2TZC	1.0	0.8936876586330611
A2AXAILUWWHRR4	1.0	0.6789933950626097
A2AXGC87SOG0Q5	1.0	0.8310375478183698
A2AXN05C5PDZON	1.0	0.9403741883963167
A2AYVWC5FMAV9T	1.0	0.9475980422893217
A2AZUXDVXH8I9Y	1.0	0.9340186666271528
A2B06U52IZ5HCI	1.0	0.4127928235065095
A2B0THNJP3MNOJ	1.0	0.7821258981232105
A2B0WD72NXO0F7	1.0	0.842351674312413
A2B16L8741L6YL	1.0	0.5991381043382732
A2B1D8NOWQ6LVU	1.0	0.7183344963003778
A2B1JPZE1QY78U	1.0	0.9716027625234024
A2B21IZAF1ZT3Q	1.0	0.7654224115991849
A2B2CU0HRWIQMQ	1.0	0.9450077001413825
A2B2PNXKPV89K6	1.0	0.9845401209985744
A2B2UU6VETBTFI	1.0	0.9536612145249049
A2B4CX7A0L36PO	1.0	0.8311080783652502
A2B4PAWU1AT2OA	1.0	0.8566957130440174
A2B55NOPFR60FH	1.0	0.763426512570058
A2B57NTNFMWKZJ	1.0	0.8858268771911837
A2B5FPOCP3IPIF	1.0	0.7564469119028292
A2B68BECJW8LFV	1.0	0.97373966276577
A2B70HI0F7AZF6	1.0	0.9841870316571233
A2B70QD73AXGHJ	1.0	0.5679651402794826
A2B722V018HNXC	1.0	0.8837465946607623
A2B7ORBRN2IEF4	1.0	0.9150634814478416
A2B7SFKJDDQ9EG	1.0	0.7126535797025583
A2B8CX9W66K4ZT	1.0	0.9560092010296186
A2B8MPKB1J5GHG	1.0	0.9729205098853088
A2B8MQLH8ATOHE	1.0	0.6347939858957625
A2B9D6ZDS2D5XG	1.0	0.956022752739578
A2B9RJS1I84ZN4	1.0	0.8559531341350032
A2B9Y0WXNSN17U	1.0	0.8204839707875599
A2BA2IRIA0JLVN	1.0	0.9209298877177804
A2BA8XPHY6JGZ3	1.0	0.9163010881911353
A2BA9Y6VGW6WS1	1.0	0.9134158255963222
A2BAIVKTJFDBWJ	1.0	0.9599778887786536
A2BAJCM07IQ2G9	1.0	0.9510242222023194
A2BAUPIWTCFTZ7	1.0	0.9136261758130457
A2BB6X9Y99MO1D	1.0	0.8794295127318966
A2BBD1100XJQAQ	1.0	0.9202024139071454
A2BBDDQCGRVST2	1.0	0.7975718404021076
A2BBQC6RHR1W6S	1.0	0.7116661202592085
A2BBQVVB0XMJTM	1.0	0.7940834966267655
A2BBRZ447IDGB	1.0	0.8886044971609701
A2BCQG3L5JE814	1.0	0.7407030942779754
A2BD0R1C2776XY	1.0	0.8175516362587892
A2BDJSSBYKOLU2	1.0	0.9492810566829644
A2BE3MTUT0YBF0	1.0	0.9329725572168848
A2BE7PF7D27I5J	1.0	0.8364444764218688
A2BFN2BINFJLDV	1.0	0.9444207806435698
A2BG1N1J4R84GM	1.0	0.7631973782128835
A2BGBTICPDN1JO	1.0	0.9415784500965502
A2BGQG866IK2O5	1.0	0.9261489084200718
A2BH6YL4S1MY93	1.0	0.5620412935809089
A2BH870GC736PX	1.0	0.8406694756490749
A2BH945DHGH5J7	1.0	0.9183071482016103
A2BHBL5Y6ZI4O7	1.0	0.944843830807727
A2BHEPYIDR182L	1.0	0.730670496585503
A2BHFOQTRQQGH6	1.0	0.839763668195999
A2BI1J9N33EOY0	1.0	0.9273308368262859
A2BI6QFL9YNZC0	1.0	0.9762805474856849
A2BIFGERNRDLBB	1.0	0.8889059616369724
A2BIO5G68XWND5	1.0	0.8701677610790306
A2BIO9UEHRM2DG	1.0	0.8681284751670589
A2BITHZ7QMA27J	1.0	0.8429070969919327
A2BJ41LNI1C8SV	1.0	0.8197696561961478
A2BJ9RXCGAEGKR	1.0	0.24630106971528185
A2BJP6SO640EA0	1.0	0.9729205098853088
A2BKQRXWCKY7OG	1.0	0.8975612625753339
A2BL1FF1SYT4VB	1.0	0.9009597685362146
A2BL51JIE6QVO7	1.0	0.9450077001413825
A2BLG5F5GS0AZ5	1.0	0.7854186495884015
A2BLSJJMGLWY4R	1.0	0.7119842889633466
A2BM0A9HJEONRD	1.0	0.8872415466612875
A2BM1908O9BBVA	1.0	0.8411478824376831
A2BMMAZKIANC5L	1.0	0.9527251545354961
A2BMZEHOWPGEF	1.0	0.7403814382105567
A2BN132JZ6LS7E	1.0	0.8133344839688901
A2BN2Y6VP8PU4X	1.0	0.9304025005969582
A2BN6G9QEF244E	1.0	0.9401554535304761
A2BNNZZHQMYOW1	1.0	0.9150779508331268
A2BO41VARYGTAC	1.0	0.8825657229812789
A2BOB5PWSGP775	1.0	0.8725331208518721
A2BOGMU1F6T100	1.0	0.9152412779782558
A2BPFCFSMBAWMU	1.0	0.9683740633142466
A2BQJG9IG7H2I3	1.0	0.8974049257790969
A2BQTS1Y4LA699	1.0	0.9356195992743824
A2BRNTASPJ9870	1.0	0.5855695714186996
A2BRSN9NJDII8K	1.0	0.9498565117411825
A2BRTD3N1Y89EC	1.0	0.9827708840256316
A2BRUZK0TD62L4	1.0	0.9258784090659312
A2BS04PV80V05U	1.0	0.7718923551035128
A2BSA73GSG0UFN	1.0	0.7977510736215007
A2BSLUXO1C8VHS	1.0	0.9748145718883953
A2BSYR3R6JNN0E	1.0	0.7728379621539274
A2BTEB0X9BLH2T	1.0	0.9608056513116265
A2BTNBB8XQQVJL	1.0	0.9625861151915145
A2BTXDKAS1BWR7	1.0	0.8836097079099877
A2BUS8UJM6SRT	1.0	0.6261996258392438
A2BUXVFY1FD2TZ	1.0	0.9408905887220079
A2BV7ZJDUC08UG	1.0	0.9599960671414055
A2BVKIPJR95SLP	1.0	0.8771462942040491
A2BVVMW6E0IFWM	1.0	0.8663737380674114
A2BW4GFLW3YSKE	1.0	0.6228333209610893
A2BWBXAVVIRRAR	1.0	0.866584668636646
A2BWO2L2RDYBCY	1.0	0.8868971774250239
A2BWU5NT8RNE3Q	1.0	0.9841870316571233
A2BXIE6KSZ2GJ0	1.0	0.9252563438562517
A2BXONVM5GCWQ2	1.0	0.8223186768245727
A2BXSFCWM1IX40	1.0	0.7355885347496457
A2BY79VY127W	1.0	0.5499802391426982
A2BYGJ2FSJ3BZW	1.0	0.9841870316571233
A2BYIWC9JLVJTJ	1.0	0.9248884003713355
A2BYLLOQVUJCSS	1.0	0.9348118742352806
A2BYQNJR1ZLSOM	1.0	0.9366981070301389
A2BYV7S1QP2YIG	1.0	0.8666236046489915
A2BZ4C0V186JKY	1.0	0.5961804662210041
A2BZBOOH3LZ2DY	1.0	0.6322167600612645
A2BZR37QTOGQUA	1.0	0.5600580714790064
A2BZVIZ15AI7JX	1.0	0.9588630480248153
A2C05OHYJERICI	1.0	0.9099691927167196
A2C0IECSDGM0HV	1.0	0.9625861151915145
A2C138HL55JJTM	1.0	0.9706867125719976
A2C16CKDWJ3J7M	1.0	0.9871756157223872
A2C17P2DY85RS6	1.0	0.9390454008503976
A2C1B85XA6TYEF	1.0	0.8372289996732781
A2C1X7H3GJCIGK	1.0	0.8664737581553205
A2C26DW7U93YAW	1.0	0.7332451750990587
A2C2KN774KICTB	1.0	0.28744205680494156
A2C2M4T4JH6CGB	1.0	0.7822085945013544
A2C2O2HMQBZVL1	1.0	0.9604675791428081
A2C2S4EC6QRAGB	1.0	0.7507014570375831
A2C2S9BBPWTK9Y	1.0	0.27878910880898755
A2C2X7SECJPWLB	1.0	0.9794137799993028
A2C3NBVFKO62NW	1.0	0.8073504058241132
A2C3UYU5I11Z5K	1.0	0.9281608144482929
A2C4MTZ95OU7RU	1.0	0.8403363355891976
A2C4PWSDVG0EKL	1.0	0.2901137330801733
A2C4RL7PIY8IF4	1.0	0.8010159783490648
A2C535V3956JN4	1.0	0.8667759060191701
A2C5E8O6534UKP	1.0	0.9417606367385655
A2C5MDK9FAQP3E	1.0	0.8150335228081927
A2C628OS1FLHUZ	1.0	0.782357224508946
A2C64FF04NWX14	1.0	0.956514337057089
A2C65X1V4VL1OH	1.0	0.9018937596667832
A2C6YK3IMXY2VO	1.0	0.754674555391779
A2C74VOYA8Z4TF	1.0	0.39307436089572584
A2C79WG5VG0CPN	1.0	0.7245244198160944
A2C7BOQVFH1HLE	1.0	0.6666953891029862
A2C7DR6Z7B14J7	1.0	0.7784940762271301
A2C7H7VGAEG6RG	1.0	0.8129600360793114
A2C7M79A9NKF5E	1.0	0.8849018427309191
A2C7TH3JNNDK8P	1.0	0.6537058135541072
A2C7TJVEU8XY8Y	1.0	0.7952188459948988
A2C7YKEUGSOHGK	1.0	0.6945096116733602
A2C8L4ZBM7WHCI	1.0	0.41067830573541103
A2C8NYYXGZSX4T	1.0	0.7596091128023126
A2C981M87B1JCQ	1.0	0.9768306072624524
A2C9HIFGPOJM7Z	1.0	0.7245029840503292
A2C9O6LKUE36M5	1.0	0.8764339373618683
A2C9UNK76VL5JU	1.0	0.9225836395035383
A2C9WZG5S7NO0	1.0	0.8949586510630799
A2C9XAU34WBN1F	1.0	0.880021666087734
A2CA8W5VZSPYY2	1.0	0.9714142995349806
A2CAUGPWEX2DVC	1.0	0.8513007823457053
A2CB0QR0EL7171	1.0	0.37050110907414296
A2CBH6DGWSMQTD	1.0	0.9299955204853058
A2CBKW7IV1BGSK	1.0	0.8816470556055941
A2CBL6ZXFPTWXS	1.0	0.9253870483239299
A2CBZ6GTGBGSTP	1.0	0.8717742377102048
A2CCVZE51LNMHX	1.0	0.8790251028101911
A2CDKW0RZ606FW	1.0	0.4002376150540846
A2CED9B3A0Q6UL	1.0	0.9746336655252953
A2CER9YFJTJ0Z6	1.0	0.8073747079630583
A2CEUUD4H3JV8D	1.0	0.7971525103876755
A2CFKACPCWE6TH	1.0	0.9045864120806364
A2CGCJ4F8T4EO0	1.0	0.8341784030817303
A2CH0PKR747VZ8	1.0	0.7535884052054951
A2CH93RTSBBB3U	1.0	0.6569886879072693
A2CH99EAWNDKVF	1.0	0.915295385604334
A2CHN4OYWUBKQX	1.0	0.7770249929894931
A2CHZNEVN68UM3	1.0	0.8775153924827654
A2CI4FAG7AVRVA	1.0	0.6881792565297897
A2CIBL0G91E5XL	1.0	0.6001251122719236
A2CJ7PH06GZKIL	1.0	0.9034216440574
A2CJJIEM1DOFPI	1.0	0.8472072346181136
A2CK5SWD721DPC	1.0	0.891325390889211
A2CKB680FT8AYK	1.0	0.8286295189733845
A2CKTEXL5WHZJY	1.0	0.9005149914177003
A2CLDJ0RWYX9YR	1.0	0.6348355672606013
A2CNAKDCG9RYUV	1.0	0.8562997049989277
A2CNRFKA1KOGYJ	1.0	0.875114961572414
A2COHEIDQ8HQ0M	1.0	0.9439658089128349
A2COM184B75ZYD	1.0	0.9452005443213927
A2COQ1SAYK7FVB	1.0	0.9302332434437517
A2COVEY6OYK5JF	1.0	0.5857054515764818
A2CP5KBJP4OXLJ	1.0	0.9486078528856506
A2CPH59O4UUAOO	1.0	0.7733166130643485
A2CPMKSWHNJCXW	1.0	0.9339104978122428
A2CQ1CS7ITXRCW	1.0	0.9395489882803137
A2CQ99W0NFVGEE	1.0	0.9036891079693958
A2CQEEHH5PM3A8	1.0	0.9280721822620377
A2CR6QQJVLP9GL	1.0	0.5778926016256424
A2CROG36CT7EXA	1.0	0.8527424709582981
A2CRWXTXO2C4I	1.0	0.3210459553362231
A2CS3OMEGC821V	1.0	0.727602417320852
A2CSBLBWR8BG6E	1.0	0.85279654209213
A2CT0EOV7EWUQX	1.0	0.8333075527499192
A2CTTPSFVCPOTU	1.0	0.8906523196359095
A2CU8WP92BF1AD	1.0	0.9563829986658687
A2CUNL58Z9MMX9	1.0	0.8997783260083808
A2CURGGP8N7P4D	1.0	0.9353093005644514
A2CUYR7WQ8RSR0	1.0	0.9341379825788205
A2CVEVLCBTWKR3	1.0	0.7581996377676982
A2CW1TZPPYWRDV	1.0	0.9412591753489467
A2CW5F7H9M1MZV	1.0	0.8783941247588345
A2CWM873AMJ4P1	1.0	0.9326455252751642
A2CWUZQARV3GRP	1.0	0.7875003086436128
A2CX4GXPLB8T4Q	1.0	0.8531765399495176
A2CXOTV3IAH5TS	1.0	0.5144224851364011
A2CXSBHDB9TZ03	1.0	0.9134706686490643
A2CXYO51NUGB1U	1.0	0.7972627367527618
A2CYAGBQODBBJM	1.0	0.806645879262299
A2CYOHQMSG6J	1.0	0.8616543243227
A2CZ73V6XL9K8I	1.0	0.9768306072624524
A2CZ79IKGKL8UZ	1.0	0.5541452705797411
A2CZ8A9AK8W3SH	1.0	0.8447933385088982
A2CZK8QQ8R2J2C	1.0	0.7142246524556236
A2D0CLQ4MKUH2O	1.0	0.927302530034117
A2D1CDE6MU68HR	1.0	0.9169662327640715
A2D1PTMMCA93BV	1.0	0.8206843353858926
A2D1UD6WYNRU55	1.0	0.860364131544401
A2D257JJTCKDKH	1.0	0.6339065170803522
A2D29NKMU0ETZ2	1.0	0.9458084888281825
A2D329DEQEPDM5	1.0	0.8583175871031161
A2D33J1A643JO3	1.0	0.9172657462115907
A2D3BBD9EQ7KVR	1.0	0.8644961509836896
A2D3NEWX163HV8	1.0	0.512303782739019
A2D4615GLTXCIT	1.0	-0.023138702853294866
A2D47WR25XC461	1.0	0.8082096396834612
A2D4NBH9CIER1H	1.0	0.7936643235618498
A2D4TO6RF8L087	1.0	0.9570721436918234
A2D578WV1X567E	1.0	0.8394493925293559
A2D619JR3Y31N9	1.0	0.7088017940420441
A2D63SHGFMPNK6	1.0	0.9543909102394418
A2D6NBLLNSZDED	1.0	0.7306378718394134
A2D7GNY6BKRVH	1.0	0.9304294264399018
A2D7N0WLVFIRMD	1.0	0.5727895575261507
A2D7O96S6X6I38	1.0	0.9524478340446323
A2D7SLQBAAYXD8	1.0	0.8285543242926536
A2D7VDT5001ZU2	1.0	0.6282365671287086
A2D87YPZCSRCV1	1.0	0.8174700360481557
A2D88NTQHSSBWV	1.0	0.9392740620971773
A2D8B2F7C8PRI2	1.0	0.7127570530078761
A2D8CUJPOSRPNA	1.0	0.9662081468600526
A2D8KJXVSONAW1	1.0	0.7503152410746528
A2D8R8T4J1AIOQ	1.0	0.9144663821541226
A2D8UPHVD3C5AW	1.0	0.3765450446936085
A2D9852R6NE3W3	1.0	0.9610607836281512
A2D9JBCYNAL56W	1.0	0.9650140257138704
A2D9KGLQJCZQCS	1.0	0.7150202731794312
A2D9MQBX6Q3RVF	1.0	0.8780305042620623
A2DA0K2WJOEQ6W	1.0	0.8876419535181801
A2DA2SP0WJ026A	1.0	0.9071009831622144
A2DAPMMYMQ2NPL	1.0	0.9420557579057237
A2DARHKCF0ZT4O	1.0	0.8726505408966293
A2DAW85GX7RLPQ	1.0	0.8440297089047606
A2DB5PQ5GFJNNR	1.0	0.8486111100743994
A2DBNCQN6J8R9J	1.0	0.6272791251511195
A2DC7EBSBUVUQ	1.0	0.9768306072624524
A2DCS39GFBJV24	1.0	0.6712136398204845
A2DCTT45GFQALO	1.0	0.944843830807727
A2DD1GHOWGHE2N	1.0	0.9215746589135166
A2DDFCZPRWE693	1.0	0.4085156819156747
A2DE7XMGEB5DZA	1.0	0.9275568593947761
A2DEGU2IESI8L7	1.0	0.711878013130202
A2DEHBVZ3KKMI0	1.0	0.9175243229671269
A2DEV5HE042SNM	1.0	0.8507159572819089
A2DFI896HK85PJ	1.0	0.90314556889988
A2DFVKQS2TJCTP	1.0	0.7095791192888213
A2DH4CMZ5ATDNN	1.0	0.7650129173228178
A2DHH0XKC8D357	1.0	0.8572772506657834
A2DHUGZ6DFXYZ5	1.0	0.8534361460200575
A2DINCIX6TCV1T	1.0	0.5700871391320522
A2DISK9UN563LN	1.0	0.9620269304413022
A2DIWGD35DLHWN	1.0	0.9589930856813087
A2DJOCA030BSN2	1.0	0.8183500533685999
A2DJRJDG6REJWJ	1.0	0.983222373636668
A2DKCCMD2K059T	1.0	0.4570070622759946
A2DKDY4UQIJUY2	1.0	0.9265501252711046
A2DKE9LLYCRDJK	1.0	0.9378073946528462
A2DKVN0DFW8FWB	1.0	0.8627308435199986
A2DLK4X0RG5PNH	1.0	0.7831261788074177
A2DLOXPVKMGGMI	1.0	0.8731208812194617
A2DLRVMVYJ0QPH	1.0	0.8877583455745436
A2DM93NRM3N8JJ	1.0	0.7713998267966318
A2DMC5LK0M878Z	1.0	0.910855045484488
A2DMCDV67J1GGE	1.0	0.9185008581282611
A2DMCLX9OM8KY2	1.0	0.7285933997701259
A2DMEIEJ45DAWU	1.0	0.4662887880586903
A2DMXG068N8PQ2	1.0	0.9116146732214964
A2DNH5HPR18OQP	1.0	0.9450319731454884
A2DNMDHGAT6JZW	1.0	0.9373850459816376
A2DO47BR1F4FXC	1.0	0.9389673270334893
A2DO56CQM4I05I	1.0	0.5775707568514346
A2DO8HH8GBK76E	1.0	0.8947493647155393
A2DOP5K70S95C7	1.0	0.8838997134927222
A2DOSI4SZAQ3PH	1.0	0.8836960730613117
A2DP8VUNOIPF7	1.0	0.44724296758143933
A2DPALEJH0WE1B	1.0	0.8548421428936039
A2DPMXWJR44KLH	1.0	0.8834123818850164
A2DQCPL9AZCZ6L	1.0	0.8068281825977847
A2DQP2WVNFNCBY	1.0	0.9737277362258759
A2DQS8NG3Y27XX	1.0	0.9650140257138704
A2DRGGCUUU3LJT	1.0	0.8000206394021443
A2DRPL4GAZ0PAI	1.0	0.8917381045240554
A2DS1D2STJOVD7	1.0	0.5820534725790916
A2DSHZICFYS56K	1.0	0.950373299592906
A2DSN56RQA699G	1.0	0.9385324122212066
A2DUI0XYE1NT1S	1.0	0.9723273053999657
A2DVC676FA6L5F	1.0	0.9420783011920374
A2DVC764946Z77	1.0	0.6634537667751313
A2DVG9810PG27D	1.0	0.8553569708761305
A2DVZ2H6VE6L7A	1.0	0.9348615384008173
A2DW7QRJYJUY3Z	1.0	0.9257597572208138
A2DW8FGF1NGQJJ	1.0	0.931742467474232
A2DWD0Y5UG9ZRW	1.0	0.8286851529823619
A2DWGA365CR8XH	1.0	0.8872229010205774
A2DWN8EVC8GA4C	1.0	0.8953590454064798
A2DX2MMCQHNU6G	1.0	0.8617024457727777
A2DX5RKNP5GPVU	1.0	0.8015337121677836
A2DXJCRPFJP0Y9	1.0	0.9109215955979729
A2DY019OUSSKRQ	1.0	0.9492301600544618
A2DY4N1HW4LM5	1.0	0.9104758628543691
A2DY7N9SKROB5I	1.0	0.5274367478420907
A2DYN539QZ2YA8	1.0	0.9377694083328911
A2DYXCOPZTRI7G	1.0	0.9743512314447742
A2DZ4K9AILGEGS	1.0	0.8410002685546752
A2DZU20PU579MP	1.0	0.9689241230910141
A2E00TH52XZX9D	1.0	0.8489040823057653
A2E0HIFSLYMYUM	1.0	0.9422578888879217
A2E0RW04ZJVR0A	1.0	0.9283595162578354
A2E14328HQW9GI	1.0	0.8514708619315375
A2E1J3LGHQN057	1.0	0.6083093439168772
A2E22DNH9Y6HZH	1.0	0.9644208212285273
A2E232TJD03ZWN	1.0	0.9460550416258416
A2E26R9LZHSI2G	1.0	0.9018937596667832
A2E3L36WTNQJEJ	1.0	0.6884663547639988
A2E3XC22VZJ517	1.0	0.8747317483689669
A2E3Z9O6CHYZ5A	1.0	0.8846751515053819
A2E4572HSEOVR	1.0	0.921685287252601
A2E4756XF1SPHS	1.0	0.9510794782758081
A2E4FIPM7H6TGL	1.0	0.8201583009239592
A2E4U8F6DH3YJ2	1.0	0.8093333355296896
A2E5GLJPQAMOBS	1.0	0.9697864206800508
A2E5HVW8DMU76Z	1.0	0.9576682150853401
A2E5VETILNCF4E	1.0	0.8478878306452561
A2E63ZRSEFJ95F	1.0	0.8074141799526375
A2E6H899T4DEI8	1.0	0.7891667230070463
A2E6HFWZ8ACP12	1.0	0.8184208222639483
A2E6PQ1WPYQ218	1.0	0.8311709851598863
A2E6UZVHUQ2XH	1.0	0.7198770398233412
A2E71UQ5DHQXOX	1.0	0.8474925529041696
A2E75DZ86FP67L	1.0	0.960562189146706
A2E7NQGN6YVG44	1.0	0.8521714445544997
A2E7RQDPU878C9	1.0	0.8579128932341593
A2E7UZ9BLOTZVO	1.0	0.9802337895714041
A2E88JOBKYJFW8	1.0	0.9507263889343569
A2EA0E30XG0M0F	1.0	0.936748126628493
A2EAH0POB0H0WJ	1.0	0.9587153103529188
A2EAQRKG2C652V	1.0	0.9317747405697133
A2EAYHU6B64ZN	1.0	0.9044379874497649
A2EB3WXLBWTT35	1.0	0.6944299866377057
A2EB6QEZTQXIPM	1.0	0.8602001094600493
A2EB741TNPBKQU	1.0	0.8847697615092797
A2EBF130RGPL3I	1.0	0.9144443071060625
A2EBJGMBIZHT3O	1.0	0.8571475070520063
A2EC3H6RNAC2HP	1.0	0.8240006377525705
A2ECRAJZ9U5KO8	1.0	0.9020474460982914
A2ECRIIT4JDFIM	1.0	0.8429921136663464
A2ED9H6FCGUFEW	1.0	0.9841870316571233
A2EDA9OFXBIDYO	1.0	0.9396240321898621
A2EDC8B8CO9COQ	1.0	0.6246034259365478
A2EDMJSIH8ZUIT	1.0	0.7901549747369424
A2EEKWNWST1QHG	1.0	0.9197602487377464
A2EENLV6OQ3DYM	1.0	0.9532860215676144
A2EF1RIFSHFAUQ	1.0	0.8518953367913773
A2EGBJO77T5CP3	1.0	0.9508080919927209
A2EGT2OG37I2PO	1.0	0.9465654660385193
A2EH4UAXYDWYFT	1.0	0.9419498567463611
A2EH94H2TW73OO	1.0	0.947323069823372
A2EHGDU3W619FT	1.0	0.5716850499759578
A2EIFZ15A9BANZ	1.0	0.8267193008255181
A2EIKH05646XZT	1.0	0.9357795902303075
A2EILKR75I7I67	1.0	0.9620565889938862
A2EIMKDUWRB8DE	1.0	0.81995326628422
A2EJ05331ZQARS	1.0	0.9650140257138704
A2EJ7NMKOXH9V3	1.0	0.5849147285286643
A2EJOYUXA2HT64	1.0	0.8037349640822486
A2EK1WCNYMAWO8	1.0	0.9658212520544376
A2EK4QVFTSQREC	1.0	0.6420490470989457
A2EK6OILFD41UY	1.0	0.9330429349347856
A2EKA5NQ7DW07Z	1.0	0.9610794701849976
A2EKGB1SGFYWPY	1.0	0.9241995984842389
A2EL2TO6UZON8N	1.0	0.406877562067651
A2EL3DF44S8Y2X	1.0	0.729491656200484
A2EL5NSP3A1OV8	1.0	0.966101394308911
A2ELBTKX45MJWQ	1.0	0.7480401394051349
A2ELQF6RB9PIM9	1.0	0.6019318288528386
A2EMRVP7M6ETEK	1.0	0.9671424196227265
A2EMUM49CE0JV4	1.0	0.9571262280992784
A2EMVLZH8SUM72	1.0	0.7932612224263889
A2EO0NAIKCGQIC	1.0	0.9164173602100308
A2EOC6KJJXV2N6	1.0	0.9634875445365654
A2EORAENJ7QF1N	1.0	0.6928022356577176
A2EOZUCVVDB3TI	1.0	0.8734586186871445
A2EPC3DZIVU8NJ	1.0	0.8877745950918896
A2EPLK8V8FDF8	1.0	0.9396308414730727
A2EQ2A5TBRUN72	1.0	0.5121591040825559
A2EQ3JS9TT2BBM	1.0	0.9270798068361806
A2EQH64QT03MLU	1.0	0.8868369674501816
A2EQMR9I4UFYOI	1.0	0.7489152330691667
A2EQTZF8K8N3ZN	1.0	-0.18071158146042923
A2EQUA659UKXO4	1.0	0.8011618374863085
A2EQXM2FLHJZ83	1.0	0.6548000773519655
A2EQZRRQYD5IAP	1.0	0.952639760597249
A2ESDYUBU5ZTEZ	1.0	0.884951243891348
A2ESE4KSPDE740	1.0	0.5774784562311371
A2ESUL8QBRVY8M	1.0	0.8155789392792064
A2ESUU0HMZHXHU	1.0	0.9546796310200761
A2ESV8VIY3H3B0	1.0	0.705272141519955
A2ESXCUYJ41YYJ	1.0	0.8369431356080681
A2ETZ7GF5B1712	1.0	0.9533581723806938
A2EUAPVINTVAK9	1.0	0.6920018708226943
A2EUONIB3H2WHM	1.0	0.9379090200825714
A2EUYRQ0E4FNLD	1.0	0.9733865734243189
A2EV8A4U0VAKQ3	1.0	0.9573118320700328
A2EWA57QY2OYQX	1.0	0.9430148674301505
A2EWM8Y72XY728	1.0	0.7542382955353574
A2EWMOATPUEMHY	1.0	0.8403095595243447
A2EWTJ9D986WIF	1.0	0.5237693510108535
A2EX5PIHMFGRXA	1.0	0.866759663025881
A2EXST6HS7UO0	1.0	0.5709781284233332
A2EY7DSG4BK616	1.0	0.9510794782758081
A2EZ1VI8HMA5GI	1.0	0.7866556035137623
A2EZ3WYOWKC8MV	1.0	0.6416039579496372
A2EZ9HA66WCIYP	1.0	0.8371351496770189
A2EZJS7VN60IR3	1.0	0.9169819161998971
A2EZP38KLCL8DB	1.0	0.9076661421927047
A2EZRCK4FT0VQS	1.0	0.9737277362258759
A2F04D7V6OP0IS	1.0	0.9723273053999657
A2F071DFW5KSGP	1.0	0.9227560531602199
A2F0IKIOAK7FSU	1.0	0.8843605508946528
A2F0KWXQ56J663	1.0	0.8493165287348026
A2F0L17JPRRIF7	1.0	0.9015386674434718
A2F0R1J0E2LHSJ	1.0	0.8820029457211477
A2F23QT3T03LLB	1.0	0.9560707434645015
A2F23T5OWNX0ML	1.0	-0.20396049694779833
A2F25UERHUS5RV	1.0	0.921681552205731
A2F2O8CMZCLU9O	1.0	0.5231928021195126
A2F3CWVP7PZ4SH	1.0	0.8847662514662087
A2F3CXXSQ1UZHM	1.0	0.8683522361628107
A2F45ORZL9RDZE	1.0	0.7775537473479288
A2F4VV0MT5TYGJ	1.0	0.7909734326946048
A2F4Z24LK8WJLQ	1.0	0.7359799179751114
A2F5QWRFK6F29L	1.0	0.8178569672485848
A2F5UZ7VZDORAR	1.0	0.7090174789602839
A2F60KMJ4DGJA1	1.0	0.9579652039353888
A2F659JR680Y39	1.0	0.9227835662342516
A2F6GPFH8AYXI8	1.0	0.9324677042248783
A2F6SD057S8FOB	1.0	0.9760609229253672
A2F7GFEST5XPSQ	1.0	0.7941622886944641
A2F7JZBL2LK9XS	1.0	0.8274360925943577
A2F7KFGK8ET55R	1.0	0.8612032952727426
A2F7QKR2UNRD4G	1.0	0.9651269999114295
A2F8DA18B8FJDG	1.0	0.8215983441228463
A2F8XJL9VQZWK5	1.0	0.8449155872452351
A2F8ZL3X3R2U7S	1.0	0.7139279945082602
A2F92OVLUX192Y	1.0	0.829279526323647
A2F97KCNR1NSNB	1.0	0.9496144717345042
A2F9G63C1PJZOM	1.0	0.6856424753335238
A2FA2SKTMBFT8G	1.0	0.9241030536453083
A2FA2Z6E8LZB0N	1.0	0.8501427536859884
A2FACFL7MHLB43	1.0	0.5621176705426723
A2FAGIZ9C50XHK	1.0	0.9113038598503133
A2FAUXTXDAH8EZ	1.0	0.7068553096704396
A2FB80WKFOFI7B	1.0	0.8012076188233481
A2FBK8C8TQL06F	1.0	0.7834912608934615
A2FBLD1LEGH6J	1.0	0.9507718356080607
A2FBMZEDWA8VWS	1.0	0.9250205062019183
A2FBOE6180O0OI	1.0	0.9293680404795808
A2FBWY0O58HD9X	1.0	0.9410110085186193
A2FC8GP9Q93MV4	1.0	0.8821867064102881
A2FCKI3A29AVKG	1.0	0.9439658089128349
A2FD49OIFUN12M	1.0	0.9599972368983237
A2FD5LWT2BXO94	1.0	0.5599027262888026
A2FDF0NNHBGR0M	1.0	0.9057557348116713
A2FDK0DS57XI5B	1.0	0.7775069300789472
A2FDR71PUQQB2E	1.0	0.9168176245141816
A2FDUQO1Y5NU6E	1.0	0.682229218995545
A2FE4E8IZSMTVX	1.0	0.8852174608546287
A2FEBF1D107YXB	1.0	0.8051176996680366
A2FEM4D5NB6OYJ	1.0	0.9438039651237901
A2FEUSZVIVVYOR	1.0	0.792227782763776
A2FFCO376RNVFT	1.0	0.9871756157223872
A2FFZUNFXJRQO7	1.0	0.859902619459889
A2FG0XM7UQSKUV	1.0	0.7622651102527306
A2FGGT8CSMSMD4	1.0	0.9483247760400287
A2FGWAW7A4WWYV	1.0	0.8673583017444898
A2FGXZY7Y8FCSH	1.0	0.9549048267500143
A2FIO4W9T7G7RX	1.0	0.8855338301924586
A2FIZPLOFS5T9F	1.0	0.9324162937201053
A2FJJ02KXUGVFO	1.0	0.4661181258239646
A2FK59DL58BLU4	1.0	0.873872340163934
A2FK5VXC5DO3X7	1.0	0.9453466646042094
A2FK7SRJFTWQ2S	1.0	0.918217411311878
A2FKGHSN6EY6BY	1.0	0.9390822624221972
A2FKKM35DOXOB2	1.0	0.9542112743016725
A2FKQP6WTYAO1M	1.0	0.9611737578257102
A2FKY8EF133BS6	1.0	0.7122404156286625
A2FLJBM1R6TIWX	1.0	0.9432273041828965
A2FLSJZK0LODO	1.0	0.918600624515325
A2FM1IDLKUS5WF	1.0	0.8153728823531734
A2FM6DSFIF2POK	1.0	0.947832414872991
A2FNSPM7N4V401	1.0	0.790049949226641
A2FO0C6S2GZ78O	1.0	0.8662350063304497
A2FO1UR4FH8DG9	1.0	0.7166649399492093
A2FO3B4JC1RKMQ	1.0	0.9331696079018749
A2FOD6YFLGMVAQ	1.0	0.9024268388066401
A2FOPNPBMXEL0A	1.0	0.7840393058000458
A2FOTGQUQJMCLR	1.0	0.8882936636190258
A2FPB717BU89CH	1.0	0.913305916778159
A2FPENZR1XO759	1.0	0.8976760247748597
A2FPKF3FA5XA7D	1.0	0.9056388119650576
A2FPQDU2PZ1N35	1.0	0.8738190556972918
A2FPQFQV92NFBH	1.0	0.8788545103824026
A2FQ17EMUJ2VUN	1.0	0.9170967203599221
A2FQAJKYN9SN6L	1.0	0.9021950577274518
A2FQDSUBDAMTAT	1.0	0.9516057556329083
A2FQQZ4MDDNQXA	1.0	0.8305612496952289
A2FR2SWIOP4IH0	1.0	0.6465674738815432
A2FRK7LUUU4ER5	1.0	0.9178155536013701
A2FSWI7Q6MZ9PX	1.0	0.8772710251010789
A2FTKM8IE55TGE	1.0	0.7596091128023126
A2FTSEVRW1KIXX	1.0	0.879126314749804
A2FTUJOOOVSTS6	1.0	0.69999487065436
A2FTVSPRMBCN25	1.0	0.9648903994981463
A2FU5D1IXCQ2TC	1.0	0.8935934399841632
A2FUAOH1QDFBQ6	1.0	0.7625045331819472
A2FUBHWLGGA1T1	1.0	0.9766336368271359
A2FUF9AG0K5MCU	1.0	0.965415723124372
A2FUZFBOOAO4VD	1.0	0.9398777980328503
A2FV7AL35XJCRL	1.0	0.9596998915576693
A2FW7MRRN9J2GU	1.0	0.9672771955818678
A2FX5I9I1SJSLY	1.0	0.7726553418430726
A2FX9P37W5ZYC0	1.0	0.9055473848902187
A2FY4XFS1ZLGNA	1.0	0.9785788757761783
A2FY8YZK8AS24N	1.0	0.7748333906587755
A2FYMNCON6I16U	1.0	0.8381370390227454
A2FYO276AQCRYH	1.0	0.8227663761699218
A2G0GO11HLUAI0	1.0	0.9121104303876378
A2G0J3IK1OJGON	1.0	0.69674711481875
A2G0X0AIT3W9KA	1.0	0.911288578081063
A2G1048X4F6OU8	1.0	0.8074540344599281
A2G128L2ORHD08	1.0	0.8365453392143195
A2G1GJH3B2JM0Z	1.0	0.33830751867307496
A2G1KUC6RQF7UQ	1.0	0.6370991163322799
A2G2HPUZOAGOL1	1.0	0.8249270883498669
A2G2IKD161DIKU	1.0	0.8850448667581023
A2G2JMZ5HD78Q2	1.0	0.904974996645822
A2G2VEKWXMQQHF	1.0	0.953973452337174
A2G2XC9FOMCHD9	1.0	0.8880062963722122
A2G40163IP6PSS	1.0	0.9083018385622504
A2G4HRAHJ2W92Y	1.0	0.9730334840828678
A2G50PXKF28THX	1.0	0.9420100056684544
A2G5MPHY34HGYH	1.0	0.9214712914247247
A2G67N6OXQTZ8S	1.0	0.9227378218705574
A2G6CN2B7T72CZ	1.0	0.9433266385169239
A2G6DG7V68B0GF	1.0	0.9270069364200418
A2G6VF7XDPKFG3	1.0	0.869133797545932
A2G7OLJLK38RBV	1.0	-0.2086759436176854
A2G7UFRVTP42NT	1.0	0.8368048127194065
A2G87562JKKZO9	1.0	0.8480387150307388
A2G8CLS6JZ1C27	1.0	0.5178727825932571
A2G8NP55TJ3YTK	1.0	0.9170551998591074
A2GA89A3N8RSI6	1.0	0.5429667421642304
A2GAQ9Q3HTU78E	1.0	0.8622881563842135
A2GB0ZN99SUTWX	1.0	0.8462580086094541
A2GB7B9OMWQD4S	1.0	0.8538951305742974
A2GB8QKCW37PO7	1.0	0.8578285962662879
A2GBF1MT8DOSPB	1.0	0.9047619791865362
A2GCS29T5JW1SR	1.0	0.9762805474856849
A2GCUM04Q1HRFJ	1.0	0.822719084955931
A2GD999Y349O6N	1.0	0.7347040906194839
A2GDQOT21PKOMD	1.0	0.9321060826556773
A2GEMCI9GJXTAJ	1.0	0.8756147893056925
A2GEURP6P1FIHR	1.0	0.8002730186587643
A2GF4TI3ZF8X9F	1.0	0.813427669376268
A2GFL9KBXJC79L	1.0	0.9635507732119699
A2GFV4P0NL50FD	1.0	0.9210501648048589
A2GFYQD27R568G	1.0	0.785509369390327
A2GGB5O6W6D8QN	1.0	0.9598306882912402
A2GH4DZIG9U2JJ	1.0	0.9622549047743335
A2GH53211W8INF	1.0	0.8871078687940157
A2GH72N02C99JY	1.0	0.8214544899021216
A2GH88EWEJQGRZ	1.0	0.8430504960115903
A2GHELCD5I7FCO	1.0	0.4500439589205128
A2GHFZG8CK0VZB	1.0	0.8834189067177726
A2GHH923VYOGDP	1.0	0.8209821892670769
A2GIB7FPB00V2	1.0	0.86266263687026
A2GIEJ283R7D36	1.0	0.7990611085305764
A2GJKRGK0IXF60	1.0	0.7920732749463338
A2GJXG6JMHBD60	1.0	0.9150928153961989
A2GKJYOBUUFWQD	1.0	0.97082524877449
A2GL73HGO9S06L	1.0	0.4620990303347398
A2GLI46Y8SWX2Y	1.0	0.7245473903900379
A2GLVVN7QVTAV6	1.0	0.9644208212285273
A2GM3PT6LWYE6E	1.0	0.813868659824561
A2GM483YBG13NL	1.0	0.6966315875122001
A2GM82HQZ790X1	1.0	0.8468195612711424
A2GMBKANF9MGGC	1.0	0.8616812092416529
A2GN4BPR465KFS	1.0	0.7335443749030811
A2GNDRD56HYE40	1.0	0.9575026475785188
A2GNEHDD0BK06H	1.0	0.9371401111194249
A2GNZBWEYRJJO1	1.0	0.8571044187933801
A2GO5N6WZFBB1K	1.0	0.946521756413287
A2GOB8B47H4I39	1.0	0.9399259307015526
A2GOD5MBPTN82W	1.0	0.5527868853019922
A2GOU8NRBYP3IT	1.0	0.7410099066053333
A2GPKJQJQEUF2M	1.0	0.8443672926355303
A2GPM70RYRVBBD	1.0	0.8842908667116844
A2GPPDFZIK204Q	1.0	0.8156116662830974
A2GRB31T5SQ3KO	1.0	0.7981407593927151
A2GRFYA2LX8STE	1.0	0.909402296566686
A2GRTK0AQB7VGI	1.0	0.8974049257790969
A2GSH8CZ89VAG	1.0	0.4651713189139254
A2GSP16DH7LX6J	1.0	0.7805464686000073
A2GSRMMRODQ4JH	1.0	0.9248884003713355
A2GTFSIRMQS3DS	1.0	0.7404734431155723
A2GTLYU52CRQDP	1.0	0.4633844293296853
A2GTSAW7MRGW1L	1.0	0.9216413369685184
A2GTTKGSNTV234	1.0	0.8191882688755479
A2GU4MSHLWA521	1.0	0.937483993866448
A2GU91ACEJYX4D	1.0	0.8952729114244271
A2GUV6QYWPH7PU	1.0	0.7909592845925278
A2GV4NJZVK1228	1.0	0.9260040136408043
A2GVRAAC4M637X	1.0	0.7870233280647937
A2GW50SX3SYTE3	1.0	0.9371749804093433
A2GW5TTEKODNL8	1.0	0.9437654382623383
A2GWQTHDA0QIRT	1.0	0.7360582405842201
A2GX4KWO3V42Z	1.0	0.8612904864870091
A2GXAKB425AXNX	1.0	0.9556442890405316
A2GXIKCQ7TT7ZZ	1.0	0.8771139036746272
A2GY8VQOG0PTDN	1.0	0.7406532860796585
A2GY90692ZJBWJ	1.0	0.9644208212285273
A2GYDJNSVGU7SK	1.0	0.9175290744599822
A2GYE57F1QLB42	1.0	0.7330902962305293
A2GYJ4JS0STCOT	1.0	0.7795315264209266
A2GZLJYXU2DWIQ	1.0	0.9163956981950332
A2H0CYF1B7B6SS	1.0	0.8744955460234005
A2H0VLMRJEXOIG	1.0	0.5430421857135346
A2H1CPB8KO8230	1.0	0.8722664208897354
A2H1QAOQAEC0VZ	1.0	0.8550731408644369
A2H1VR588JTZ20	1.0	0.9630020068204022
A2H1WNB30JNAWU	1.0	0.9354396870635027
A2H1Y7ZBZ5T5RK	1.0	0.9172531382540703
A2H20E72KDIMUC	1.0	0.5615995512301466
A2H35M1EZQ459D	1.0	0.8727903969372692
A2H3JURQZOHVMB	1.0	0.8069674206697335
A2H3Y2N6REI7TA	1.0	0.9475554358171087
A2H4PSD72GZDZ4	1.0	0.680926078717279
A2H4YUUG1OR63C	1.0	0.7082846391531687
A2H59S13OWIWHZ	1.0	0.8338572146658897
A2H61R4EBZOOEV	1.0	0.7650052595015531
A2H63285G096KF	1.0	0.5253916383522691
A2H6AST78ZCOIF	1.0	0.7024423709638181
A2H6I8RO9OHAP2	1.0	0.5882324495336992
A2H6KPQHSD48YM	1.0	0.9372624232621954
A2H6KW7BK0GKGD	1.0	0.9040323198272487
A2H6M74DHZ8BIP	1.0	0.9133125041258715
A2H8MJEIJ1QYAO	1.0	0.8716695485107309
A2H8MPHN2H93CQ	1.0	0.9404675385578506
A2HAEO73497YIY	1.0	0.9648510723642815
A2HALHQIXTRBIR	1.0	0.8213395277810478
A2HAS0LYEIG0E0	1.0	0.7473168526253436
A2HAVICMBMJ1B6	1.0	0.9812930575957574
A2HB550T5ZDM6X	1.0	0.6729406168812634
A2HB8779ZCGRPL	1.0	0.905471179137562
A2HBOZ6EYMNV7P	1.0	0.9511422805632447
A2HBTQNF92PCP7	1.0	0.943686074401746
A2HBUO3PBSC12Y	1.0	0.8343210831445854
A2HBYI24ZNIC8L	1.0	0.9471890384775254
A2HBZC4IYVI83L	1.0	0.9089403747930869
A2HCFLBE7LU4V4	1.0	0.8724559946552786
A2HDEN9SPBWC5I	1.0	0.7698092286576329
A2HDI3FTPPQXJN	1.0	0.9661862679357827
A2HDKWRT4CA6IL	1.0	0.43218109353669915
A2HDRP4IE6TCEF	1.0	0.9659209727274463
A2HDYNSUN6JJUP	1.0	0.7480265915497799
A2HEAQW2NF1S19	1.0	0.9107841641402667
A2HEHFISDS76P5	1.0	0.929357844433247
A2HEPPMPCCIILE	1.0	0.8694401875229206
A2HETVN4KLG3RS	1.0	0.778375989595034
A2HF1YVBRRXLBZ	1.0	0.7712992401637125
A2HF4F5OUTO2KK	1.0	0.5714111614057745
A2HF9HOP55YHQY	1.0	0.9730334840828678
A2HFA34UWJPULO	1.0	0.9196503752233377
A2HFGF6O485YCC	1.0	0.8971464464415436
A2HFGUF73BM4U3	1.0	0.8247486269567739
A2HGQ2FZNXH1GH	1.0	0.9563789797740863
A2HGZRJWEZZTO9	1.0	0.7517798999872254
A2HH8V0HSEMNHD	1.0	0.9151467961253059
A2HHA4PJGSRANX	1.0	0.8259236366398044
A2HHKXLV3Z6O7Z	1.0	0.6852117179355881
A2HIM16LPOOVWL	1.0	0.6319329300495709
A2HIQA1RBR1GTP	1.0	0.9093768548509625
A2HIUNRPJA59IH	1.0	0.9071461159875481
A2HIVGT8GRZAL	1.0	0.6185584915554592
A2HJ421P5A1P6N	1.0	0.9585041408487781
A2HJ4ECBQB2F05	1.0	0.874019033150007
A2HJQMPOHX42Z1	1.0	0.848256721310412
A2HKQX6AXO5SFF	1.0	0.3717398368672533
A2HKWTFPWJE2UD	1.0	0.9406648022020704
A2HLY9EPUUH1WH	1.0	0.6596910445485019
A2HM0BB7RATTNT	1.0	0.8658531849122895
A2HM0PG4CP2TWG	1.0	0.9571863934868717
A2HM8TATPHTJDN	1.0	0.920653284034647
A2HMK79PBQVLAA	1.0	0.9720374534804495
A2HMLE9ZTVV6HL	1.0	0.9697864206800508
A2HMQ2V7SG3SE4	1.0	0.9407013687142123
A2HMYDL0C91P3N	1.0	0.9627802284005592
A2HNTL42GG0HE7	1.0	0.7578537105044316
A2HO0IEDD64204	1.0	0.7899513879513098
A2HO91QUDTW8HJ	1.0	0.8810043028149593
A2HOBWOY53SO5P	1.0	0.8243432879029805
A2HP2K2TRQDNAK	1.0	0.92821294795633
A2HPG8QACV8QAJ	1.0	0.899035133925625
A2HPK9MKBYBZJD	1.0	0.8626309384359672
A2HPNM5HSOMK21	1.0	0.787176792022041
A2HQ8RTAJYEUJO	1.0	0.7893923539471167
A2HQK3M8NWI4Y1	1.0	0.9213493310171641
A2HQUP9Q3XFN05	1.0	0.8598807548511568
A2HQWMWL2WZWST	1.0	0.8655205097557902
A2HRJTS121CEZK	1.0	0.9467731468486378
A2HT75VVFPQW8U	1.0	0.9498317143329921
A2HTE3V8JAPZWH	1.0	0.8386241943074951
A2HTLPQRQVJ8IT	1.0	0.9615268471671614
A2HTT1IV6Q4MKL	1.0	0.9809399682543062
A2HTUM6WRZFW0	1.0	0.9273783662497364
A2HUC5UEWXQXGA	1.0	0.9463633429117394
A2HUCN103R7YVM	1.0	0.9737277362258759
A2HUK5IE028P40	1.0	0.29723189281801016
A2HV4S24AG56O6	1.0	0.8250741322264238
A2HVD0TIJ6PC2R	1.0	0.7668514050097757
A2HWD9PTM7RBXN	1.0	0.5702446035764384
A2HWGNV8ES2NSA	1.0	0.7134521481654247
A2HWTN9M6ASCSC	1.0	0.8809111294274584
A2HX0B8BK0HUJA	1.0	0.40748027479881926
A2HX2YCB31SJD2	1.0	0.8275896662721984
A2HXZL6YVQAVIV	1.0	0.8842475487919581
A2HY77X7NI4NLY	1.0	0.9490495333794126
A2HYDPZCVIKKUE	1.0	0.9845401209985744
A2HYMN8YY2IRDS	1.0	0.8713810596204715
A2HYQM7O3CJ39Z	1.0	0.9119847012665566
A2HZ2GT1IHZOC1	1.0	0.9762805474856849
A2HZ8XB9ZYUT5Q	1.0	0.8507190044463174
A2HZGMFXIEYF12	1.0	0.6331063197560198
A2HZJP1IXJKJU9	1.0	0.9121012708773666
A2HZTULQKN4YJN	1.0	0.9365936170374088
A2I05FGBTCRRB8	1.0	0.5671663444411098
A2I05RUVN2GIRP	1.0	0.8637413108995312
A2I0VU158LGL4J	1.0	0.7746652011140065
A2I27AQKQBHCVF	1.0	0.7171503913843398
A2I2A7N3OCPNW4	1.0	0.896199142401361
A2I2FMV4VECXT2	1.0	0.94921974392784
A2I2HTJG9XVG8M	1.0	0.461675618800298
A2I2IVPGTOT3AE	1.0	0.8889392578619696
A2I3VP0MSWT9JZ	1.0	0.5621869298724298
A2I499SAEQ6YN2	1.0	0.8862262237356542
A2I4G8HU7XYZM5	1.0	0.9687271526556975
A2I4RN68AYEQ5R	1.0	0.8425666901266118
A2I5EWI7OB88XL	1.0	0.9697744941401568
A2I6MHMAZZDCRX	1.0	0.9650940250258411
A2I6TX7DDQYNRV	1.0	0.811753822423571
A2I7G1EC7E414K	1.0	0.9683740633142466
A2I7JWJ7L6DBET	1.0	0.6889364055394314
A2I86057ZMMWVB	1.0	0.9469197894410921
A2I8HKMXVI3ZL8	1.0	0.657530738831805
A2I93KN02TMZET	1.0	0.832064545947703
A2I9HQB5LYLQMZ	1.0	0.9515086779028279
A2I9I5FYZAZZWA	1.0	0.9594151620742662
A2I9N3YTNCUK7V	1.0	0.68079630223799
A2I9VE5IOS4D83	1.0	0.9772754493815294
A2IAMFZSCOA69J	1.0	0.9399895714738098
A2IATNBSBM71UZ	1.0	0.872377695206762
A2IAY7YMHDYP36	1.0	0.9442499966489315
A2ICSH5AHPL0FN	1.0	0.8689740458644244
A2IDM8ORLB0349	1.0	0.9693689652100911
A2IE41W4STOS16	1.0	0.8694357067378635
A2IE5VF6N4R2FU	1.0	0.8559090793862604
A2IE9SMIEKJYQ1	1.0	0.9590187094108785
A2IECL9PSOZZ1O	1.0	0.9074299459992416
A2IEPBNFEP5WET	1.0	0.9544282876977862
A2IEX7ESCYYD5H	1.0	0.8686117151222087
A2IEY1S4FYHDEE	1.0	0.7201010709444986
A2IG0NKMNCJEYP	1.0	0.5955115196569134
A2IG17VEBH0NCI	1.0	0.6483314813374674
A2IG47U9LPD33A	1.0	0.9400125668271156
A2IHB3M0ZIKNOZ	1.0	0.9443602331728908
A2II1FFM1Q92QD	1.0	0.6120357109534822
A2II32CU9HOTF6	1.0	0.7774413389499368
A2II3YO1V7933L	1.0	0.8996445886954938
A2II5J0XP8WN45	1.0	0.9345822101742992
A2II87QJ1YIDWQ	1.0	0.8664438271287223
A2IIAPSW49WS0O	1.0	0.8843929384998108
A2IIAQ7VVAHXTD	1.0	0.9265981322241736
A2IID0Z6EHF5KP	1.0	0.9610794701849976
A2IIE4RSNBSW6S	1.0	0.7228672042359581
A2IIHYLKO4OUB1	1.0	0.5043285315441896
A2IIOQGW8LCJ6L	1.0	0.9045318169153852
A2IIOZL85ZCZKD	1.0	0.9389612726810973
A2IJ7JFHB94EKX	1.0	0.7229331175135074
A2IJCEG2J34W61	1.0	0.9532675869219078
A2IJUA3CQUIQRX	1.0	0.8110958699205598
A2IK776FY6MEMG	1.0	0.8885843024810463
A2IKCYEBQXYC4Z	1.0	0.701068066666189
A2IKFX7NYHXVOC	1.0	0.9276517844012003
A2ILCVESRHKN2V	1.0	0.8618357163115109
A2ILE3CJ5EN9RR	1.0	0.7118117063658643
A2IM4QDG55PSXV	1.0	0.8120437422623229
A2IMQXYBWVB52N	1.0	0.8601164475675694
A2IMW4SWONH2R8	1.0	0.9683740633142466
A2IMX2K43G8EI0	1.0	0.8890105452162407
A2INRWTF0U8NPV	1.0	0.899978100591637
A2INSJGT4810EJ	1.0	0.8367797639113113
A2INSYZ3VMRPLZ	1.0	0.9596121531017029
A2INWX3S5YBS3C	1.0	0.8750948954516733
A2INX8B6VXUVW6	1.0	0.9337763892280228
A2IOO8EC3JHCWS	1.0	0.6021476064969377
A2IOOH76T0G1MU	1.0	0.9334318038959185
A2IOUA0SP94H0B	1.0	0.72756382341672
A2IOUYSVWH4869	1.0	0.6487211300777838
A2IP32UO32ZJ7J	1.0	0.9435941462982679
A2IPZ12S0NU8C9	1.0	0.9208552445064512
A2IQ1UH6R10KGU	1.0	0.7185258159198015
A2IRN73H4WPK6U	1.0	0.7072498244554631
A2IS47O3C793FF	1.0	0.9626315618652183
A2IS54ZQLM07MO	1.0	0.45434719111643534
A2IS5XUD35SA45	1.0	0.49129438725663876
A2IS7XZRCZU5W	1.0	0.8776201477316421
A2ISD5R65I3ZFR	1.0	0.8918976739104226
A2ITKQVBOGVVVR	1.0	0.7405638930673084
A2ITMPRUB3URD4	1.0	0.9518722930842732
A2ITYL2WLHPIYV	1.0	0.6756448199380755
A2IUCH656JN379	1.0	0.5258209736118494
A2IUEMBCTYQPXM	1.0	0.9551317884153948
A2IV74JCKDT290	1.0	0.8600603257582076
A2IVBV55GEM7XH	1.0	0.8817795918639162
A2IVGAQRI0IBS0	1.0	0.9589322039725305
A2IVQEJ6JQ5V93	1.0	0.8993904855600351
A2IW3MMXJLV1KY	1.0	0.9518434468053814
A2IWK8N22OD97F	1.0	0.9734512679807276
A2IWPPAA1DU8K4	1.0	0.967504015297689
A2IX78SEP2XHA	1.0	0.9156509939988128
A2IXVMZBM54C4L	1.0	0.935929027219181
A2IYYWBVZS40EN	1.0	0.881733265131327
A2IZE4WEW8D011	1.0	0.7386583328306289
A2IZJHHCZF9TRR	1.0	0.9217752705806648
A2IZVJK2KHCBZ1	1.0	0.9486408171852784
A2IZZPM37ZLKP4	1.0	0.8874525612350415
A2J096HDALTSMA	1.0	0.924607452106529
A2J0YXR4N15VIN	1.0	0.7933247448103211
A2J14L1QROGL4T	1.0	0.851244421257272
A2J15TC10KTW0K	1.0	0.7880928653348912
A2J1SVKABBMYHI	1.0	0.8742031122937018
A2J1TWYZCKMJZB	1.0	0.7136319796284937
A2J2JV8PYO8Z6D	1.0	0.9418004989891121
A2J2K8M8JV6GT1	1.0	0.8153414024804208
A2J2OT8J3ELVKF	1.0	0.4538478161844119
A2J2TYZJCPQAP9	1.0	0.8680498236884794
A2J3KOUZCYVRBA	1.0	0.8430093910670075
A2J4FJX5T9DCAC	1.0	0.9210297682895141
A2J4PKWPWQ3TE1	1.0	0.9214434382670985
A2J591OLWPBEMQ	1.0	0.960937157412427
A2J5D74BOYHKSP	1.0	0.8102443798854791
A2J5JYB6WQV5Y9	1.0	0.9278863031185932
A2J5YBLH64EPGO	1.0	0.8197027407788788
A2J5ZIUR1C1KKE	1.0	0.6760402290505754
A2J655WCZH4FUD	1.0	0.9585316747959972
A2J6DBBQFZTBZ1	1.0	0.9822577156162126
A2J6ETTZJTMN1U	1.0	0.4848643381637927
A2J6HMVMTGEIDT	1.0	0.5393114241722752
A2J6K00TXTZWJQ	1.0	0.9270229898352661
A2J7LNELHSM09W	1.0	0.9590797013920636
A2J7UBOEIER8NN	1.0	0.9203686446190958
A2J7YDXQ6B1SMO	1.0	0.3479353460872194
A2J860DE134D4T	1.0	0.9090754320284588
A2J8SA2ADMLYQH	1.0	0.8205690335823677
A2J94RBT2849R	1.0	0.5242940560374889
A2JA3WDBMU7CBK	1.0	0.7037687102724937
A2JA5MK7CW7RHJ	1.0	0.7957251630880318
A2JA8O5HP8LWI2	1.0	0.8552046394425107
A2JAAVOPUFTWIN	1.0	0.7779692407955041
A2JAKHFYI88ZX0	1.0	0.8291192358588367
A2JAVAJGK3AVKK	1.0	0.9430171243126824
A2JB24UO35X460	1.0	0.4477410912592264
A2JBRVWAZT7WND	1.0	0.8306007983027541
A2JBV777WJKXWP	1.0	0.9293646878890313
A2JC4OU1SA47G0	1.0	0.889385306500521
A2JC55N3T203DD	1.0	0.7334630583440638
A2JD3AFEUWWB1Q	1.0	0.873223748958517
A2JD867TZIEXG	1.0	0.9636426433050969
A2JD9YDHLC76IB	1.0	0.9606892758173741
A2JDIX1X3JH8S8	1.0	0.9407013687142123
A2JE1FQQBSH8N0	1.0	0.8574628672034019
A2JEA6LNXLMQME	1.0	0.8458455246001949
A2JEN73XAXNO0M	1.0	0.8946301076927018
A2JEW66U2YJF67	1.0	0.8105923426604844
A2JEXUCB6UMBDN	1.0	0.9773398155100381
A2JF032M30V3MS	1.0	0.8215775791612896
A2JFDXG77AIBYZ	1.0	0.3661146108663976
A2JFGJDGZEDI48	1.0	0.8784467912478942
A2JGV5YEY5IBJ0	1.0	0.7700241000058948
A2JGWYFUF5EK16	1.0	0.929481143084955
A2JH8XT1CCOYR7	1.0	0.928066204444395
A2JH9KOPZXM7V1	1.0	0.627750053395655
A2JHD25TB2EYBB	1.0	0.9597787772557116
A2JHNAYLI03LEQ	1.0	0.9847370914338909
A2JHXMW7QCIQXJ	1.0	0.9407475329988341
A2JI0N4XSQ7AJF	1.0	0.8566215266234996
A2JJAT6WOT9VXB	1.0	0.9418089469011057
A2JJM0K1CYBQ5J	1.0	0.9576682150853401
A2JJSTD063JQSG	1.0	0.8688331257928948
A2JJUOABWZ4BLX	1.0	0.6519545175908602
A2JKW4XDKTCV8F	1.0	0.8540190069696849
A2JLKMCQC065Q7	1.0	0.9080921471757267
A2JLM5OY91QEJ0	1.0	0.7933375502364948
A2JLPF1W67U99Y	1.0	0.9343542358412679
A2JLT2WY0F2HVI	1.0	0.7882711663908741
A2JMA1PEKPFHY5	1.0	0.87692471846479
A2JMFCOU0KI5BU	1.0	0.9097169709289762
A2JMRUN0QULNLI	1.0	0.8984332670915584
A2JMSZ7MBBUSNM	1.0	0.9120131161333409
A2JNBQ51NA27CW	1.0	0.9783044735304934
A2JNGUW8AUTSJD	1.0	0.8444045209769032
A2JNNU2ITZDI2C	1.0	0.6754265111704411
A2JNTKCVVJFO17	1.0	0.7581957291700562
A2JOEZM6TG3LFP	1.0	0.4758728654474275
A2JOTTF0HLND3J	1.0	0.7498116470318987
A2JP7334803G19	1.0	0.9410933532051441
A2JP75P826SY0X	1.0	0.4488428722035867
A2JPVQJFL6Y0D	1.0	0.7546126072836652
A2JQ2QAZUV71WZ	1.0	0.8927223882033557
A2JQCO5R3F5YR2	1.0	0.5743587583613783
A2JQTN02GRWL14	1.0	0.8549253413461185
A2JR9SYLBHPG6T	1.0	0.693742280173499
A2JREJS24M35PT	1.0	0.8710280242131605
A2JS2PPR6FW42E	1.0	0.743004683956602
A2JST9LRPKV2CC	1.0	0.9532331514011525
A2JSXQS64GGIMA	1.0	0.9694741828677816
A2JTLLLBMJ833F	1.0	0.8538904266838672
A2JTQOYEV5VRR1	1.0	0.9051221899427396
A2JTWS4JE3N0UV	1.0	0.8018272705041821
A2JUE1OWBPZ441	1.0	0.8585721716335477
A2JUFGE4NW5Q1Y	1.0	0.5768944397247626
A2JUJFNMZD4F99	1.0	0.9329841045505696
A2JUKAFNBAKCQ4	1.0	0.8034910470320173
A2JUOIHUNCC157	1.0	0.7685872513532509
A2JUSG6SUGTSPQ	1.0	0.9502142675726579
A2JVIA9P648H6Y	1.0	0.8282553564883228
A2JVIEJM98298A	1.0	0.9400096940151754
A2JVMHXJF81KQ0	1.0	0.5728364080105018
A2JWBQG0Q22XQT	1.0	0.8534736166399416
A2JWF4IA8QIVG9	1.0	0.761271493874814
A2JWK70SOWNANV	1.0	0.9394325641672949
A2JWW3XF0Z6KMI	1.0	0.8576219688309571
A2JWWRR4LO7KU2	1.0	0.8880842909643211
A2JWYSV51V2XBY	1.0	0.7490924845812018
A2JX321HHZ0LQ3	1.0	0.9773398155100381
A2JXDKTQAY4K0V	1.0	0.9085212166673661
A2JXFY75BY6FEI	1.0	0.9528247818526927
A2JXGYKW2DIPF4	1.0	0.6255687312408174
A2JXX1BAZ19Y4X	1.0	0.944033961619788
A2JXYVR4AEPHM	1.0	0.858331532521571
A2JYXN2OCDBMKL	1.0	0.9261455207222421
A2JZVWZOJ5J6JH	1.0	0.9134935967277389
A2K04ONUAKO0O9	1.0	0.91373485279708
A2K0D19N83G6U2	1.0	0.978596303084155
A2K0F9H3BEPOAP	1.0	0.9771067970270915
A2K0H6HYH8WB5F	1.0	0.9429433200504362
A2K0U8XWCZH4VT	1.0	0.603941305159876
A2K17XF5VEOR0S	1.0	0.9748904286498125
A2K1AKH1D5H8XW	1.0	0.9034767039135225
A2K1CQXF5LR943	1.0	0.9542112743016725
A2K1LDYLG0TOIJ	1.0	0.8068082485408182
A2K1ME5XMWMSWY	1.0	0.9248884003713355
A2K1WTJB3Q0TTN	1.0	0.9628918995310166
A2K23CE05XBXOI	1.0	0.8458235586569518
A2K2Y73W1TQ856	1.0	0.7161650981049904
A2K38NCFZBXYP8	1.0	0.9022240184364864
A2K3BEKTAE9ICC	1.0	0.8571916769131434
A2K3ELDRL58LAD	1.0	0.7198767172651698
A2K5111F8DE495	1.0	0.7212555693246587
A2K5CIDXCGALN	1.0	0.9427307842583382
A2K5E9YNWOP5JQ	1.0	0.8155781429404175
A2K5MKBHDYUOZB	1.0	0.8367503574291365
A2K69EB8J6BNXM	1.0	0.9822577156162126
A2K6HATLHVDM4X	1.0	0.788201983834437
A2K6RT4ET41MQC	1.0	0.850604469764121
A2K72PJNBUP2TI	1.0	0.8522574447647455
A2K7GCHDI8PEDQ	1.0	0.7522417215636078
A2K7TCIKEX3B3C	1.0	0.9802337895714041
A2K8FASHQ5478J	1.0	0.406215061420868
A2K8TTA0K0ZV0K	1.0	0.8425185641786943
A2K8U02UD8J5I4	1.0	0.7909253189971317
A2K9IRM12PPUOQ	1.0	0.8803212234497396
A2K9M75G0A7CM2	1.0	0.8034351179103045
A2KA5OOLO7IKYJ	1.0	0.5936265993593254
A2KA5U383XU69G	1.0	0.9239518972927938
A2KBZNLNGTPG71	1.0	0.872960475394883
A2KC13B4ZGYFCM	1.0	0.8913733628818838
A2KC1NSRM7JJFW	1.0	0.922024592143301
A2KCQXFN9U9BKY	1.0	0.9464255884478597
A2KD5DYLU1HBGO	1.0	0.9024268388066401
A2KD62P971YDYL	1.0	0.884580541501484
A2KDY7CPFKBGDF	1.0	0.8413995035080173
A2KE0EKLYDFLEC	1.0	0.663012698393036
A2KE2O5C2XMXGE	1.0	0.4082309040670926
A2KE58XBE68LF	1.0	0.8206910408448519
A2KF64YX8JQHCA	1.0	0.666392209076024
A2KFAN56C9UOS2	1.0	0.7373397396515345
A2KFDJHB3PT4N8	1.0	0.8156437978500508
A2KFPKUUZV3PVD	1.0	0.9202463563985197
A2KFYEV2YSZ2PK	1.0	0.833752814346176
A2KGDH0818WBQB	1.0	0.6234021087490159
A2KGPSU6FR82V3	1.0	0.7072273200591639
A2KH3UW2QQ7TSM	1.0	0.8671828461380311
A2KH6S3HWS2TF9	1.0	0.9495632805049445
A2KHERKFRAQESI	1.0	0.8734394748916852
A2KHSYTAA5J7YC	1.0	0.8250415899305754
A2KI1SGCZT2OEI	1.0	0.933707482656849
A2KI7TBXECJSKP	1.0	0.6070952099493988
A2KIG5LVMS4RFE	1.0	0.8435099477493887
A2KIJBT9HRIOM8	1.0	0.8948210110116903
A2KIKPREA8G0QM	1.0	0.8668987321156845
A2KILNYE6LV4Y2	1.0	0.7717158699624702
A2KJ74RTEJ3RO0	1.0	0.8037457933434414
A2KJGFXIV9VFS7	1.0	0.7527832744151194
A2KJXED2ANDZG9	1.0	0.959048764734683
A2KK3XIXT8PSUX	1.0	0.9597499309768197
A2KL63GOTFYNLS	1.0	0.674528686891784
A2KL8D2RA1BTCN	1.0	0.913028674114178
A2KLP278XA41AZ	1.0	0.845724799325494
A2KLSFIQUUNTJ8	1.0	0.9288611223484146
A2KLX4ITT3XN37	1.0	0.7334916403670166
A2KM9WBCDW9VL5	1.0	0.917579417898765
A2KMAJE2DQFHPH	1.0	0.8926009721749445
A2KMRC9TS9YGCW	1.0	0.6877690756057069
A2KMT280NB1TW8	1.0	0.7342592444597835
A2KNCP3ADWKTY7	1.0	0.9248110194668095
A2KO5KM34S4CE2	1.0	0.9550955226489638
A2KOL0YA4W9275	1.0	0.8828877504703181
A2KPTYRI9B9E3A	1.0	0.8728954688180746
A2KQPQZX4E08Z0	1.0	0.5226046259987372
A2KQT4D0OZR569	1.0	0.8531989913160314
A2KQY06MZ24HV9	1.0	0.023739413324538466
A2KR9G6TN7IO05	1.0	0.8842661093986528
A2KREV6WKLOQBE	1.0	0.8059650075136154
A2KRT2ZM28EYQG	1.0	0.9305789391083357
A2KSE8QFA8BONP	1.0	0.9120131161333409
A2KSUW9TLQASHC	1.0	0.6087872264997551
A2KTG5IPC5N9EJ	1.0	0.9281633957230487
A2KTUVIE0DPYQK	1.0	0.8843135618428142
A2KUPBN8OR83DO	1.0	0.7969901907317987
A2KUXPRQMR2OET	1.0	0.8860749783217802
A2KUXXQHB34PU6	1.0	0.9318930351927265
A2KV7JW8I1DM5L	1.0	0.8759294159104462
A2KVUYPLEW4LXT	1.0	0.8496382820831561
A2KVZG4PAXB1LE	1.0	0.9254816048566785
A2KW0IJNLP4ED	1.0	0.7221178798169208
A2KW2KWKABNYNO	1.0	0.8432912702997417
A2KWLHNY4RF828	1.0	0.740604037112476
A2KWMRU2VDJNUD	1.0	0.8286329865398819
A2KX6XSMD4NQXH	1.0	0.9664106250202165
A2KX9KNZXOHFNP	1.0	0.8680613944757052
A2KXBCCGCHU00U	1.0	0.9676063757291077
A2KXFMP2MYFVU3	1.0	0.9037016189324869
A2KXYQLE7Y7Q63	1.0	0.829537534978664
A2KY47KJQXOMYB	1.0	0.9550327203615273
A2KYOC9YNAL3B6	1.0	0.8558848244639198
A2KYZGIHFFJ1TW	1.0	0.7898127417057946
A2L09F9USJQHPN	1.0	0.8316284066899776
A2L0BJAXRJ5S6C	1.0	0.7882799363214706
A2L167UOLOYOO0	1.0	0.8130528801132263
A2L19E6Q7MPNDO	1.0	0.9195575750665269
A2L1HV7TBNLHNX	1.0	0.49203974150176766
A2L1KTHF4G54P1	1.0	0.6641601775845237
A2L1QN4B0YC1N4	1.0	0.793095593180467
A2L1R9F80MI3XI	1.0	0.9163036694658911
A2L2L7B9AMUU09	1.0	0.9526557049752676
A2L3WEVFOCA7OY	1.0	0.9511120092182431
A2L459PV0XAE9S	1.0	0.9783044735304934
A2L48N83DR3OAA	1.0	0.975512859900546
A2L4INFM2NF8US	1.0	0.7670845497728432
A2L51A1MMIMWCC	1.0	0.9355957461945945
A2L5CYGM8CHN89	1.0	0.7819358607648892
A2L64RNEML7J6B	1.0	0.635672661128088
A2L66DDIRJEO8	1.0	0.8462019986725432
A2L6ZFMP95ZA2B	1.0	0.74201562727921
A2L72IF00C3153	1.0	0.9720669704236745
A2L7CV7CMLI5BR	1.0	0.9127314200472173
A2L7SOKK7I1K2Y	1.0	0.922901935498288
A2L7Z3FH4MSWYW	1.0	0.6587819827023113
A2L815MNUJJBTH	1.0	0.9154056880193565
A2L8BDAEFRPOC	1.0	0.8649165743193485
A2L8K5E8KEOCO9	1.0	0.8507084315668527
A2L8ZPTNVTQ29F	1.0	0.08277760702817472
A2LAR0255RB4L3	1.0	0.8580580082732103
A2LAR13V99X62U	1.0	0.798911455368843
A2LB1XU2SP8YH4	1.0	0.8962778455350016
A2LB98WTOKBNQ8	1.0	0.4830346326795011
A2LBHVGMUK36CF	1.0	0.9492068604470395
A2LBQD3KTROFI	1.0	0.5565087984848137
A2LBSM4K0NX9NE	1.0	0.9572392636533336
A2LCB5R13HSZ93	1.0	0.9327112153781164
A2LCG00J6EFCHT	1.0	0.8124539918387368
A2LCGXEO7HBM5R	1.0	0.9521438218471264
A2LCPPO03QGI93	1.0	0.9492799093154333
A2LD89ZHIEY8PU	1.0	0.536258086020307
A2LDEDOQZH3VTP	1.0	0.8650633253464819
A2LDFPS5ZBIERB	1.0	0.9418877776848984
A2LDT13YZCNI5N	1.0	0.6773029483394506
A2LE6TC8HBH082	1.0	0.9216819122518153
A2LE835K9ID9OH	1.0	0.9034356875080031
A2LF0WJ7VXAZSA	1.0	0.9550327203615273
A2LF5AVAGR8F31	1.0	0.8387703497019202
A2LF7JP80LQG2J	1.0	0.5501775058089735
A2LF8JFHUUM0Q5	1.0	0.8253107362078959
A2LFU14X5O4AVI	1.0	0.907654861018206
A2LGIIDV77AU82	1.0	0.7961511008635478
A2LGIY8MNOX1A7	1.0	0.9292561549586393
A2LGXRWZZE22LK	1.0	0.9457138788242847
A2LHCDF0EMI2M3	1.0	0.915537767361646
A2LHN1WR9PYA8D	1.0	0.5071513367673082
A2LHOOT8MHBLGA	1.0	0.8792873732360401
A2LHVAEKGAH7EC	1.0	0.9576682150853401
A2LI0X82E96JAK	1.0	0.9610794701849976
A2LI4FORV0U5JH	1.0	0.9316978616602618
A2LI4ZX6F0EQ9H	1.0	0.95623524649012
A2LII3BB40HVFZ	1.0	0.7935544524958837
A2LIN0ICMNEFY7	1.0	0.8896046324087374
A2LITQGCLXMZ7L	1.0	0.7459009469472703
A2LJ5IE66AHL46	1.0	0.6998988651151428
A2LJTAD89IQFIU	1.0	0.8976537070452586
A2LKBVKUBWOVS2	1.0	0.8130251859614706
A2LKE0SEQBP6PD	1.0	0.2843429464216148
A2LL94CYO88P3W	1.0	0.7787207278480324
A2LLN2YN8O5PV1	1.0	0.9481876033203038
A2LLZATKJ9MKA	1.0	0.8693352331819945
A2LM1RRX3335HA	1.0	0.8613250746633166
A2LM7QTO3NRBOC	1.0	0.7868328694409138
A2LMRQVT4ZWPOF	1.0	0.9246687758110178
A2LN1WL68BNL4S	1.0	0.8451903124562011
A2LN2KTZ7SSVLJ	1.0	0.8793537223759239
A2LNEZD3YBO12O	1.0	0.8245846024498646
A2LNR9VCE3RYY3	1.0	0.8860807913239065
A2LOKIBHDBBN8Q	1.0	0.8719494103428782
A2LP9Q3OBOAXHK	1.0	0.9446546107999314
A2LPKXXD397RF5	1.0	0.8609266416214565
A2LPQVF75LCFC2	1.0	0.8335557323172331
A2LR1I5WZV3RAT	1.0	0.9412156653479146
A2LRUR0I68G5SE	1.0	0.7899400901917943
A2LS4OLMXU0C20	1.0	0.9422920798979536
A2LS62VBEDFX5H	1.0	0.7814546308129695
A2LSGWF4AKQWYB	1.0	0.8651925656337515
A2LT5NXYYZVL8D	1.0	0.7347779767542569
A2LT6QEOFTVMCK	1.0	0.8744862619515817
A2LTB54PUNHEMM	1.0	0.6233321226069367
A2LTBM02KCASEB	1.0	0.9634781383501133
A2LTPIQG2RWNJW	1.0	0.8430707850097245
A2LU4A33GW0ZXK	1.0	0.8707838232687659
A2LUGEFMUZIQ47	1.0	0.9267092952459391
A2LUL484RRIPLT	1.0	0.8147652819945855
A2LUP34ZPT2MAU	1.0	0.6635443727798682
A2LV1N98KXWAM9	1.0	0.9697744941401568
A2LVFTR3ZQ2HL5	1.0	0.879578144989189
A2LVNLLO7YJR1Y	1.0	0.8867647143230003
A2LVOGFLZ3LP2C	1.0	0.8489351830546349
A2LVOOT51C24VI	1.0	0.9546796310200761
A2LVOS15HMNA09	1.0	0.7436271583515659
A2LVQSRLH2U2YK	1.0	0.7996435964129891
A2LWL8AD94KLO2	1.0	0.7649640196679464
A2LX1IAHUWWUA7	1.0	0.7527965847838513
A2LX45YMXRLE1E	1.0	0.8030773348869436
A2LX6L7GTQ87MU	1.0	0.9382587157508004
A2LXG7OMJ758J	1.0	0.8864152475384969
A2LXUWJCDLXIFI	1.0	0.9065478436693207
A2LYK2N9IHPGZB	1.0	0.7492893265804049
A2LYY02ICN1DPM	1.0	0.9269239109828208
A2LYY264P2R493	1.0	0.7759128951495837
A2M0AC2DPDW443	1.0	0.9004117662116832
A2M0C6JHPVQHYB	1.0	0.8938914091603919
A2M0R5SHEEDXME	1.0	0.8997667762143231
A2M0XMGNVLU34T	1.0	0.9188501714748117
A2M1WRMGD1TYVD	1.0	0.9044678293069485
A2M2BMP9RRBTVA	1.0	0.9134033974732789
A2M2EJC4TG1VD1	1.0	0.9292287939391989
A2M3N6X8OKJA5G	1.0	0.7901264734520231
A2M3TT19H660NL	1.0	0.5781453901113797
A2M46SP32XW3AI	1.0	0.7479332643973343
A2M4FLWO2IG3AY	1.0	0.8704880246559515
A2M4J6E3A4KQZZ	1.0	0.8220601974870195
A2M4KP9AELI0XS	1.0	0.8000115816760619
A2M5K96R45DA1H	1.0	0.6960145754442769
A2M5M6VP8LCTJU	1.0	0.598440024241829
A2M6OLJYTDCRLC	1.0	0.882812791765841
A2M6RMUZ7XLEHJ	1.0	0.8808779605505092
A2M7BT4CF6D0FT	1.0	0.9354633435662144
A2M7DGGTWN7SWI	1.0	0.8055490486719115
A2M7ID4MA014UO	1.0	0.949784483272763
A2M7Q1AVDS08CG	1.0	0.9520354766883542
A2M8D312G6B8ND	1.0	0.7347202516638096
A2M8OYSB5Z78O4	1.0	0.7291505042453548
A2M9C2VKEWMXRI	1.0	0.8529210097241795
A2M9PZ77KD1X1B	1.0	0.9273308368262859
A2M9SRWTZ7FY5N	1.0	0.922343893094473
A2M9U31RK1PRGL	1.0	0.9536203629957231
A2MA1AX5LN274Y	1.0	0.6086290335138008
A2MA7C2WLMP5LA	1.0	0.6930875121934786
A2MAK28WZTME7F	1.0	0.9190058422447056
A2MBE697G5OZAV	1.0	0.7568097487448445
A2MBED73Q7XSJH	1.0	0.8921973508831228
A2MBY51VW72CQM	1.0	0.8954445009187673
A2MC6P200KHJ2A	1.0	0.8246911204209251
A2MCR5D2GNBOHR	1.0	0.9507230952605007
A2MD4M1RDBRM17	1.0	0.7494228937705435
A2MDRKYZTFVSWP	1.0	0.936670745723967
A2MDSOEI9W5WBF	1.0	0.0014770256005741114
A2MDT6Q8ODN3EE	1.0	0.9255279009992359
A2MEISSFIZCSP4	1.0	0.8692883129803447
A2MENKKNGFZIP2	1.0	0.6886892353302234
A2MERYBWEV2PLQ	1.0	0.8462320220952553
A2MF07QWGX42TS	1.0	0.9037914091649774
A2MFGKVPSFDCWG	1.0	0.8878428907497541
A2MFJWT70VONBC	1.0	0.955461919988547
A2MFMDSONZEGWH	1.0	0.8218222039072199
A2MFQ2LP7CKEWD	1.0	0.8775138139867434
A2MG633AUOR3CZ	1.0	0.37076600681847943
A2MG9K0WLNSLQQ	1.0	0.7085295139309328
A2MGGTDT8AMKJ5	1.0	0.4076187234432799
A2MHASEK3N2ZWD	1.0	0.9335923795557177
A2MHUU86G2M1LD	1.0	0.9098255609954434
A2MHW0LHWRMY12	1.0	0.7363344882635677
A2MIH4EZSQJWCY	1.0	0.8794104318802253
A2MJ4Q2TI2CDSK	1.0	0.9236854571694542
A2MJ5VO3ZFHUV4	1.0	0.7999105617643946
A2MJTPNO8HIOUF	1.0	0.9479066052345884
A2MK42YI92NPN4	1.0	0.7541371441947301
A2MKD2PYCXDPSK	1.0	0.8457972095637671
A2MKG8P7L2PPPB	1.0	0.8725944763979847
A2ML3UZEUYJEC4	1.0	0.809358020360397
A2ML9U5O9Y7M7C	1.0	0.02703012140561454
A2MLDRQBWFP4GR	1.0	0.7922577829129125
A2MLUAAQFEB6WF	1.0	0.9446875750995591
A2MMG8ERLTSTP8	1.0	0.7401414100777264
A2MN1D2IJW1O8N	1.0	0.7526063874312799
A2MNJ55IKKWUXE	1.0	0.5332527182692135
A2MNL0W1545ODS	1.0	-0.18027452777984657
A2MOUEOVP2BQJ	1.0	0.9280071029683234
A2MP6K2Q909ICK	1.0	0.8921100832516835
A2MPBB5VUPN9UJ	1.0	0.8072445142867007
A2MPDFKDOY61LX	1.0	0.6379612351147872
A2MQLO7CD8OFB8	1.0	0.8746501312852372
A2MQQW1AZ4TANI	1.0	0.6828009481181405
A2MR87VMPFNFJ5	1.0	0.9099402142665795
A2MRABB6S0JGL8	1.0	0.78954766079186
A2MRAJU0Z0496A	1.0	0.9114332973546829
A2MSF0BYX2U54Z	1.0	0.9255604568011182
A2MSZE23MOYURE	1.0	0.9145770435893398
A2MT47OVENMOSZ	1.0	0.9191469644605026
A2MT4JKVYSCICJ	1.0	0.7294541028785981
A2MTIX4Z3VH0V2	1.0	0.9345444371940212
A2MTOVLLT7KYY8	1.0	0.9471890384775254
A2MTVOIM3LXKWH	1.0	0.9576682150853401
A2MTWO8TQZNBK6	1.0	0.9428694764279052
A2MU30JJ36LSAD	1.0	0.9372428498905144
A2MUIXCQ6NH672	1.0	0.9129594147844204
A2MUNCI9WZ7O2R	1.0	0.8417880109106876
A2MUX5Q2XZP6KD	1.0	0.8062291330326362
A2MV3TN2R6YA0	1.0	0.7896320591720398
A2MV64HRNKBP97	1.0	0.7537757308315733
A2MVLST10PD61K	1.0	0.7649240109055553
A2MW68RUR7X5IA	1.0	0.8410832297960551
A2MWJFXTZXGYMR	1.0	0.9588630480248153
A2MWO7AU45E6FF	1.0	0.9022328481145002
A2MWP1JD7MCR8R	1.0	-0.19558771037711253
A2MWR05ECJBLLH	1.0	0.8829463985563378
A2MXASFSJXHA43	1.0	0.923705360529831
A2MXCXL8T31B2L	1.0	0.943259482533499
A2MXGRXLCUXVLG	1.0	0.9770255248370244
A2MY8IQTBFIKUY	1.0	0.9430171243126824
A2MYCWFRTOEU6Q	1.0	0.8318713311114284
A2MZ445T2TBYZ1	1.0	0.9274690312556642
A2MZ6SXUDCSQRG	1.0	0.80240848816387
A2MZDXW018TVJE	1.0	0.8614974777960024
A2MZLXAK5GMHKS	1.0	0.7865863672344232
A2MZPDKJIDFX4G	1.0	0.842159560024866
A2N02ACC9H95DE	1.0	0.9694333313385998
A2N0ORB4ES548E	1.0	0.9723713667261153
A2N0R0QXV0G8VR	1.0	0.8811040188932051
A2N0V6GUH28XMN	1.0	0.8115787295634191
A2N0VKEEEEUY58	1.0	0.959100959416452
A2N0W1007EU625	1.0	0.9522339146534743
A2N160B3VFV8AW	1.0	0.7742699305159952
A2N1BOWGW5F2RP	1.0	0.8352909934437351
A2N1T79QID36LR	1.0	0.8470814496065715
A2N1U3YO4OFDK	1.0	0.6883428010281613
A2N26D08MG34FO	1.0	0.9733156159213955
A2N27J1HFBBDGE	1.0	0.731193722175212
A2N2L43JCTL4T8	1.0	0.8058178818508035
A2N2XVMC29HJED	1.0	0.8622842464870849
A2N32NCM5DY1FJ	1.0	0.85247931825498
A2N40BTQRZUFQT	1.0	0.8414479679000241
A2N44GQGOMHRKU	1.0	0.6364031266393336
A2N594B1W0AWV9	1.0	0.9326008665497586
A2N5VE7XY18XES	1.0	0.8648695580043718
A2N5WSS9PHVG89	1.0	0.7254676420707846
A2N6LVH039X81N	1.0	0.9413664759802516
A2N6PB2LG774ZC	1.0	0.8398519144837071
A2N76WC2XYDPKY	1.0	0.7420600849202341
A2N7CYTP8CY619	1.0	0.7471670275539225
A2N7UC0UDEXTWS	1.0	0.9730722827513053
A2N89NHCUQEPIO	1.0	0.8276842762760962
A2N8A1XKFHEO8T	1.0	0.6221917398411196
A2N8JXP2Q0CHHB	1.0	0.9575356279482289
A2N8R7GQCM0KLG	1.0	0.8603694809862028
A2N98HLXPP8TP4	1.0	0.6363334778171446
A2N9CIXRV5BBKM	1.0	0.9235344678786953
A2NA6VPXNOY5LR	1.0	0.8800462495402096
A2NAESC19LX9W8	1.0	0.8103222238211464
A2NB51I970D5PP	1.0	0.9291254724687483
A2NBAN9DYOCMNV	1.0	0.9542127318362201
A2NBFL12450ZSN	1.0	0.7825156236161256
A2NBKS27M3ORAC	1.0	0.9638295101385688
A2NBM3HP2T5FV5	1.0	0.8585583021539532
A2NBUZIH3G31PD	1.0	0.9047673333508813
A2NC4R1OKOEJP6	1.0	0.8609836253697348
A2NC6D6YGYHG4G	1.0	0.8302783278779102
A2NC714R2PYQAZ	1.0	0.008891470465661924
A2NCYS494NURF1	1.0	0.8472925315979475
A2ND7WY43CKE3K	1.0	0.7931919378031507
A2NDXU6A775AUF	1.0	0.8394197239976748
A2NECYZ1W0BTWH	1.0	0.6747577636702312
A2NEJL2B5QQB8M	1.0	0.8161053190631373
A2NEMGBFLAFR7I	1.0	0.9187314688511444
A2NEPOLJUWFT2J	1.0	0.8774758608403644
A2NF5F3ZY0NMZE	1.0	0.8654581404412619
A2NF7AV60OSSAU	1.0	0.899124406429892
A2NF86Y5JXYVH3	1.0	0.9004190463237103
A2NFUZGB9GTS7V	1.0	0.9802337895714041
A2NFZGHU9QUYN5	1.0	0.6856991541706983
A2NG32IYFTHLAX	1.0	0.9364704972309045
A2NG6YPYQSQ8JB	1.0	0.7302909321730613
A2NGCLVURQIXXF	1.0	0.9288416424570547
A2NGQPN7V7LWSC	1.0	0.9646425179030932
A2NGT9RPKU5MQ1	1.0	0.9776929048514892
A2NI0MOHC7BPS6	1.0	0.9165750394179041
A2NIFNYM8MHZU9	1.0	0.9521387463001612
A2NJ78U3RY8522	1.0	0.6936984152040312
A2NJ81VH9NSRKA	1.0	0.8772902787150737
A2NJAMFLKXCEGC	1.0	0.875320722486896
A2NJEFNKN5VHE9	1.0	0.9334238300175838
A2NJFFQ6W35XJU	1.0	0.8968382052067031
A2NJG2VNE0CHV1	1.0	0.9660540168101166
A2NJO6YE954DBH	1.0	0.9055711200906142
A2NK4VYMFSUY7P	1.0	0.9268430670863865
A2NKLIJNXES9A6	1.0	0.913028674114178
A2NLB7GV4L7H4H	1.0	0.7227012059029712
A2NLK5PNYP7Y2A	1.0	0.8603451411771935
A2NM6Z4B6VK4F7	1.0	0.9197322150837349
A2NM9SPWTVUE4M	1.0	0.8659202967884503
A2NMFNR44UZ52V	1.0	0.8760684240020148
A2NNMP161JWM0Z	1.0	0.8893092215998628
A2NOPEELVIMMF4	1.0	0.9351249351039913
A2NOZB6VZCTOI4	1.0	0.9252537625359998
A2NP3CR8KPO8PL	1.0	0.8432102484615173
A2NP5O97RE0DIG	1.0	0.9452442251511272
A2NP5ONODHBGDU	1.0	0.3520911330472496
A2NP8E4WFJYM9A	1.0	0.9161118681833397
A2NP9CGUSFP22E	1.0	0.9461267533410089
A2NPINRK8UB0DM	1.0	0.8696073298153051
A2NPLBDTUFZV3E	1.0	0.9474793255315399
A2NPWIYBFW3ITH	1.0	0.877747108766348
A2NPXTU9EH6GKR	1.0	0.7370698741484014
A2NQ19UL7SGVA9	1.0	0.6909710702612182
A2NQ8BH534F8DN	1.0	0.9438791727872718
A2NQDA4OYI5OMR	1.0	0.8692800447757936
A2NQTSUNRCWX26	1.0	0.8606718689793733
A2NQTZEM32F9H6	1.0	0.6820451529804231
A2NQVPLLJ05E98	1.0	0.5769008805925049
A2NQXP9AGJEY1P	1.0	0.8686742445358234
A2NRB7J640QGRW	1.0	0.7473880372170059
A2NRBOWFEO19S8	1.0	0.9438791727872718
A2NRH0W1INVZV4	1.0	0.7850043358162159
A2NRKL3RZ35K2Z	1.0	0.6946595165581224
A2NRS6URX0PSE	1.0	0.7263956137930183
A2NSFXAVIDKJLY	1.0	0.8144258822319878
A2NSX3ASG1MFI6	1.0	0.8738509596045597
A2NT74OZ3AGV6I	1.0	0.9350564069747334
A2NTV6MHFXP4M	1.0	0.8735861616310968
A2NUTM1FBPSTOE	1.0	0.7758183675502781
A2NUXRHIDXD0VO	1.0	0.9834193440719844
A2NV8X9LOPF6UV	1.0	0.7010776845354915
A2NWY0ABI5204C	1.0	0.9352052900764419
A2NWY1E8YDRMRB	1.0	0.8363189572478846
A2NWYPGDRPY5X2	1.0	0.8738522644996133
A2NX561YGCJPCZ	1.0	0.8051650773594657
A2NX6EEY3LW04X	1.0	0.9609400858851505
A2NXEYHRCQD311	1.0	0.9274416428452228
A2NXGFLNEGO5G0	1.0	0.7742440126208774
A2NXZLLH0TJJOS	1.0	0.930990134905663
A2NYF01YHZTDPF	1.0	0.6247206274063036
A2NYFENARU89PT	1.0	0.6479923005083125
A2NYK9KWFMJV4Y	1.0	0.9624113655878628
A2NYRFU3H8UQAZ	1.0	0.8274950562683006
A2NYZMD56AWRWC	1.0	0.9694741828677816
A2NZ541IA90PUH	1.0	0.8476128334484572
A2NZ8TNTW8AUS	1.0	0.8832338831950242
A2NZPHC8Q9FCSK	1.0	0.8466116729836015
A2NZUAJ8ZXRJ66	1.0	0.9491413290228805
A2O0JXT1J8CT08	1.0	0.8517833774676681
A2O0P0MPDQ9MJN	1.0	0.8351764480108294
A2O0YZZAOUTOBA	1.0	0.8832760525714739
A2O1EBPCAGFQ88	1.0	0.8697937603402983
A2O2753NBZRFE8	1.0	0.8967240977703351
A2O2DAI8M3O4RE	1.0	0.7959428810427015
A2O2TK53QQQVPK	1.0	0.866597630418494
A2O3QU9EZFQ912	1.0	0.9041145011804574
A2O421DTA8J0RW	1.0	0.9203465538842852
A2O57LB3BP3WTS	1.0	0.93816564685552
A2O5TCODM7IAPB	1.0	0.8809111294274584
A2O5ZB5N57J30E	1.0	0.9032182245759693
A2O6CI04LYU9MT	1.0	0.9125761220268679
A2O6QPDDPICFBU	1.0	0.62514335125973
A2O754D4THCVDR	1.0	0.46079578314741176
A2O76W9ZUCLEHP	1.0	0.9400125668271156
A2O7JXNQB9WRBG	1.0	0.9716027625234024
A2O7PXY7V1QVQX	1.0	0.9020350825095967
A2O91ZTFWR215P	1.0	0.9061293810345032
A2O9LFONRZANFS	1.0	0.8382939289210051
A2O9M97Q6WHW0B	1.0	0.9073413903477358
A2OAD5P36X983A	1.0	0.7723944968621075
A2OAKHL0E0A4YQ	1.0	0.8609654533488549
A2OATSI3GTZEAH	1.0	0.9297807989962925
A2OB2URJVQZWHJ	1.0	0.6457845072610732
A2OB6DESQIJQLJ	1.0	0.9376872831677309
A2OBHKWE8YKZJI	1.0	0.8078372104215782
A2OBJRNFZDVM7X	1.0	0.9624573829344973
A2OC232H6GE710	1.0	0.41257258099829264
A2OC8A0B7OQYYP	1.0	0.9585041408487781
A2OCFY81BELYVJ	1.0	0.9121839767717608
A2OCJNB6B46OKP	1.0	0.861954812032725
A2OD3LTS1QF411	1.0	0.8056348996556999
A2ODHKD629GRWA	1.0	0.44220080169750936
A2ODMSQ6XFOB27	1.0	0.8677832835292704
A2OE444U8RR91B	1.0	0.8303890303296665
A2OE7NWCP0GH39	1.0	0.9515925585731844
A2OEBW1PGVUE1B	1.0	0.8510357435273386
A2OEZGQ6A0I6DJ	1.0	0.8377487687980356
A2OF0BEG8YXG8N	1.0	0.7986217757628845
A2OFIF711SVN64	1.0	0.9587399967874115
A2OFMUCRY0I789	1.0	0.8822060047181737
A2OFSRT9PEJOGS	1.0	0.9486078528856506
A2OG3IBOTQ8BJD	1.0	0.9402298567128096
A2OG99H6I5K103	1.0	0.9539615257972801
A2OG9XM1VUIAFF	1.0	0.9570643968338566
A2OGLW5960ZL6X	1.0	0.8357138521651248
A2OGNTLUDGMCTD	1.0	0.9644208212285273
A2OGP9EOBT4OXY	1.0	0.9334318038959185
A2OGPXQQA958KE	1.0	0.95686742639854
A2OI8ONWP8JA1V	1.0	0.8825450446694498
A2OIAVTCC1TAXR	1.0	0.9580736883555829
A2OIZ18UU02OTI	1.0	0.9285144621391591
A2OJ8HU8SCTLLG	1.0	0.9488162351124666
A2OJS7L9GY19TA	1.0	0.9205367236721511
A2OKNN3P92PBOQ	1.0	0.931806574021344
A2OLJW8ACV2ZT6	1.0	0.9384976792797404
A2OM4VC2GYCIXW	1.0	0.8987814337940049
A2OMDT29QMLAWQ	1.0	0.8150429859586195
A2ONEWGCFR3ATH	1.0	0.9313043456213324
A2ONWRFRPAOG86	1.0	0.7969790889551809
A2OOQPH4D33DLM	1.0	0.9343922124266357
A2OPD4K8EBLK0L	1.0	0.9189735819372328
A2OPV31K1FVD04	1.0	0.8150150250541411
A2OQRDH9EXO80F	1.0	0.8397400909663142
A2ORAOCT0XKSXU	1.0	0.8793120528594539
A2ORCX8XH0H1JR	1.0	0.7359842702918954
A2ORRNBMF3K2ZL	1.0	0.6516045304742689
A2OS4FCI886UXB	1.0	0.7153665698282188
A2OSLYR8HVIK4V	1.0	0.9654800892528805
A2OTRO1WE5GMT0	1.0	0.6230642514634224
A2OTT4J4JLCL1G	1.0	0.9389309435516494
A2OU5RU7ZAAJZC	1.0	0.9002725248122151
A2OUXI87D0UR03	1.0	0.9345152521492086
A2OVAG5BRSLFPS	1.0	0.9303816928271645
A2OVFNU2JL1FAX	1.0	0.8976065456990598
A2OVKSC0BFCTZB	1.0	0.9491592342476838
A2OVKV8UF92ALY	1.0	0.9588269863148399
A2OWHRO5AESF0U	1.0	0.47713555015831605
A2OWVVBWIHSPOE	1.0	0.9349134205914802
A2OXOZMAAKPEIB	1.0	0.9123757906890642
A2OY5AUNI5NW9H	1.0	0.9655209407820625
A2OYT6UXIH4WSS	1.0	0.799560607101117
A2OYW25OBFNHHH	1.0	0.9300654245414336
A2OYZTAWLIM68P	1.0	0.9610092224878676
A2OZ4HESV0J2OW	1.0	0.8979620996914159
A2OZ50YIPNJ831	1.0	0.6937348438704564
A2OZAKF6G23E3L	1.0	0.7963421696020363
A2OZESZS502YEY	1.0	0.9227560531602199
A2P0FI9MNPQR71	1.0	0.956533639866607
A2P0K55WX4LS0D	1.0	0.6368082660124468
A2P0R6ZJYRY4XL	1.0	0.4505794943487201
A2P11ZYXRREHSH	1.0	0.7647536704524198
A2P12VZMQVMBNS	1.0	0.6564673862377652
A2P1DFF9PISAM1	1.0	0.8017506726148903
A2P21XRZ1SB8X3	1.0	0.9469518850218359
A2P2BO05VLYTC8	1.0	0.6339822067685198
A2P2HHNNU3XYLT	1.0	0.9638142767075044
A2P2K2Q9S8HAZI	1.0	0.9638092525495231
A2P2UM0A5J9CL4	1.0	0.9350564069747334
A2P37R4ZYP7K4L	1.0	0.6361264146608867
A2P3O6L4XK43Z0	1.0	0.9116978933364157
A2P49WD75WHAG5	1.0	0.9460883495224544
A2P4AVXIIVM68M	1.0	0.8106845365494944
A2P4GV9KZQN3SW	1.0	0.7860539936452606
A2P4UTIYTC14VL	1.0	0.9060046816879034
A2P5CKHIXXAYRP	1.0	0.9727887215977621
A2P5Q75G2BT9NP	1.0	0.8996180718317012
A2P5Y0VRWW0X73	1.0	0.9113497630291857
A2P609QV56ATS6	1.0	0.746655470903394
A2P66ATSW42F8L	1.0	0.9589859624472464
A2P6CK5HLXQLY0	1.0	0.786026177053079
A2P6QCZWW3H1X6	1.0	0.9416896792356421
A2P6QTBRBESF5O	1.0	0.8560670737682781
A2P6XD718DO6FT	1.0	-0.00023871599239788177
A2P7BMC1AT8E3E	1.0	0.9848932103400253
A2P7KZB326M5OG	1.0	0.7100818022011919
A2P87N9ZBH1H73	1.0	0.8850329655578124
A2P8P8FI4PCGBI	1.0	0.8677993375033436
A2P996BAWY6KFS	1.0	0.7937978820413519
A2P9SK7HGONAF	1.0	0.9773398155100381
A2P9T3MAEWRERA	1.0	0.6435867619600285
A2PAPXIPSYBNF6	1.0	0.8581415308117947
A2PAQR2MR4YPOF	1.0	0.855961269367328
A2PAR36PNNUUI8	1.0	0.6665221001264479
A2PASR7U9XRL65	1.0	0.7612245822404944
A2PAUXZBGZCLFF	1.0	0.9330429349347856
A2PBHJ16RZZX9V	1.0	0.9478762147819915
A2PBIMQC0R3H2	1.0	0.9772754493815294
A2PBPFPMTEZYKP	1.0	0.8973305099313261
A2PBPUJZ226GF1	1.0	0.9311031648890141
A2PCE1TE73SKVL	1.0	0.8361421296816788
A2PCHYJ7SQBS5A	1.0	0.8922090782076235
A2PCXNUXY8A2QV	1.0	0.7376597395943532
A2PCZOX3D0EFP8	1.0	0.9532331514011525
A2PD79N3G4OQLF	1.0	0.8255657402273898
A2PD927IKWTRNG	1.0	0.8047061464273727
A2PDE1PWA2XF3E	1.0	0.9776919756873665
A2PDG5GOBZQNAJ	1.0	0.6525009065896787
A2PEFPB27084XE	1.0	0.7342510898318164
A2PEK5GVJOHMRH	1.0	0.9365142964721315
A2PEODRM2OQJ88	1.0	0.8936653737287862
A2PFI4YA2DW1RF	1.0	0.7913285593518414
A2PFXJIS6HTDCL	1.0	0.9187473629071524
A2PG6NNDVE245J	1.0	0.6966861542206025
A2PG8NJ2B9Z4VJ	1.0	0.957107541542432
A2PGUM1WO8KVPC	1.0	0.7587084483675587
A2PHALX486KSPM	1.0	0.8546609511168595
A2PHD302P9URL7	1.0	0.8064379553199625
A2PHVRFQR3PFJY	1.0	0.9492667265666038
A2PI7U6JSG4NMP	1.0	0.8121714031985876
A2PI9S4A1V8SLE	1.0	0.8003939730704157
A2PIEWPBM8YP6H	1.0	0.8351618669371274
A2PJ3JLM3TRE5B	1.0	0.9002872008738991
A2PJBX24OT9534	1.0	0.9516688768909514
A2PKB9E7772U8H	1.0	0.9536051593399231
A2PKE927BIZXBO	1.0	0.9126726784202233
A2PKMYD1U3PL6U	1.0	0.8017658758101711
A2PL30PQLEQ6C5	1.0	0.8754082760826515
A2PLDFZ30PNIM7	1.0	0.8633099757183647
A2PLGJYESVXNZ6	1.0	0.6733946669476734
A2PM86SK8F2BFD	1.0	0.7168866996185446
A2PNABV52KSTPG	1.0	0.8948893917333223
A2PNAN94Q7P5FG	1.0	0.8899487222277632
A2PNAOA52FOI95	1.0	0.7633283969846262
A2PNC3T8VJB4XU	1.0	0.8470893382242257
A2PNXUWY8DR9MU	1.0	0.9694333313385998
A2POF7JE20652	1.0	0.6334737139845179
A2POFY9WEKXK7M	1.0	0.6237289264569565
A2POT485QMEDIN	1.0	0.8612849462718715
A2POTOUVRG4X07	1.0	0.8258321526071583
A2PP3N9G6IX0J8	1.0	0.8634846467275334
A2PPQQC98O6L22	1.0	0.7467406250447711
A2PQR2NXUHSLP7	1.0	0.8113289584798993
A2PR1O53J0V8W2	1.0	0.818072538896627
A2PR4VEKXHZ0JU	1.0	-0.09973152174006232
A2PRHXC0M6R3YN	1.0	0.9676495204376833
A2PRQCUNVUM160	1.0	0.926761715514385
A2PRZEJ6KLBO3K	1.0	0.40426179421451874
A2PSE8XTFQ96I3	1.0	0.8745513238364521
A2PSIE9L0Y87YU	1.0	0.8189685647664421
A2PSO5H2PPHDYU	1.0	0.959048764734683
A2PSQDZVD9VYY6	1.0	0.6480536030467406
A2PT1Z926E12V3	1.0	0.9037221903309076
A2PT2TLABB7BG1	1.0	0.6302727798597256
A2PT5T9P73GXY	1.0	0.9439097923071345
A2PTBUTPLCNUBG	1.0	0.7945429099204505
A2PU1N99U4I0CI	1.0	0.9389612726810973
A2PU8OJH5O6VHE	1.0	0.902723232219417
A2PUNHCCV06SP9	1.0	0.8149506464276283
A2PV2QJIIT5C9N	1.0	0.9436844125393039
A2PV6GK1HV54Y9	1.0	0.8910185459078805
A2PV9S03LVG6LD	1.0	0.9202822748605025
A2PVO45T85NY24	1.0	0.931367577925739
A2PWOI745IX77K	1.0	0.9100948526528567
A2PWS2A7QL0EAK	1.0	0.6728977819745646
A2PX1BJ31ZVBWO	1.0	0.4601103731398736
A2PXH9F6YFKOXN	1.0	0.9094451516149101
A2PXWRXTLWC0IO	1.0	0.7854168548612267
A2PYAXISFT85HA	1.0	0.9291254724687483
A2PYJHLKX124D	1.0	0.944843830807727
A2Q01JIF7GHF2D	1.0	0.9295888009964404
A2Q0D8V3XB6ENO	1.0	0.6633942190957094
A2Q0ESC5NHRYA7	1.0	0.7814938592796149
A2Q0GTSOEH8GD5	1.0	0.9058624853408361
A2Q0UGKMVOO7T3	1.0	0.9594792686213783
A2Q0Z1WO3PKJRV	1.0	0.9418552467424632
A2Q1ASASJHH3DF	1.0	0.640520242229771
A2Q28S6FZVNJWN	1.0	0.6640154144847857
A2Q2LJR91CXA68	1.0	0.6347206010924223
A2Q3I31GQKCYKT	1.0	0.8504645067185225
A2Q47261T5QNP3	1.0	0.8821317002694439
A2Q48C2WBWE30	1.0	0.7873838280855546
A2Q48JY1UEET5S	1.0	0.9193397815261213
A2Q4MI0QVQXP5A	1.0	0.9547250776937799
A2Q57MB3YE57A3	1.0	0.9514307092890139
A2Q5C2TYPU03P5	1.0	0.8909303169090447
A2Q5QIVSWOU032	1.0	0.8825726759823264
A2Q5R7WH82N4G4	1.0	0.9054768962903132
A2Q5RBKSC6KHXG	1.0	0.8766622135380566
A2Q6HJ5A7JP4J7	1.0	0.5434717077067329
A2Q6I8W15XV5O5	1.0	0.8843929384998108
A2Q6KJ4Z2MR8DM	1.0	0.8767344736735032
A2Q6TI6ZJ26GN5	1.0	0.9108249846797061
A2Q71US5O89WCH	1.0	0.9173350055413482
A2Q7IEWOOV66UT	1.0	0.9349624280447699
A2Q8I76UCS5RI6	1.0	0.7088203483728395
A2Q8L01QTQVSIM	1.0	0.5736536732578518
A2Q8R9541XMC2X	1.0	0.8875329221245369
A2Q8SB6GUYJVUD	1.0	0.8152853591411028
A2Q921QWE9O45L	1.0	0.7069592476893706
A2Q9WVZY2UHU69	1.0	0.9434851171716891
A2QA3UHN6AKNLL	1.0	0.5803330049459489
A2QA6UNJM2NQGY	1.0	0.8844859314975863
A2QANOGP5LLPBQ	1.0	0.5253948490758755
A2QAW9FSI1ALPS	1.0	0.8233714706627713
A2QAZW64EZDJ7Q	1.0	0.7004186971667471
A2QCM7USXLIO7P	1.0	0.8710753292151094
A2QD1PQCM7J3Z0	1.0	-0.17912543594677818
A2QD5PFT9WQUVV	1.0	0.9037430705987478
A2QDOJFFLFGF18	1.0	0.9654800892528805
A2QDZF93NCV0NN	1.0	0.8648882786164629
A2QE2XBU7VIH76	1.0	0.6223280494292697
A2QEABXE4SXSQR	1.0	0.9107256113587614
A2QEBQI0NJNB1B	1.0	0.8230574826295775
A2QEZUN14N9K5M	1.0	0.848457625493122
A2QFXSMFUHNJ27	1.0	0.9049836712832245
A2QFY2L6PN40RE	1.0	0.9574569984532654
A2QG0S63NKEVTA	1.0	0.9164277008388044
A2QGFO6U5ID2HN	1.0	0.9594151620742662
A2QGNZEZ8CFL6O	1.0	0.8987425056053383
A2QGPRR7J1KAJR	1.0	0.7591814181333465
A2QHGJZX8T4BJ9	1.0	0.7963611365643941
A2QHVRUGQRAIHJ	1.0	0.7950683246159043
A2QHZ18AESXWX9	1.0	0.7160840034595355
A2QJ0JRT0NFVU7	1.0	0.9619750469178001
A2QJ6O5P244HJY	1.0	0.8699065931473279
A2QJ84MS245HQL	1.0	0.708297616295268
A2QJEF5L8NS0E	1.0	0.8044653735607977
A2QJHD90GRTYDU	1.0	0.9487970728934463
A2QJPUQ9DBVHT7	1.0	0.9327175036382479
A2QJS5C417HHL6	1.0	0.8186094811615002
A2QKE8J4WUM7EY	1.0	0.9585041408487781
A2QKE8K6NIFM6A	1.0	0.6069673141617765
A2QKMKK7EFVOYQ	1.0	0.9458555109773971
A2QKXTUGFT7Y0S	1.0	0.7587675777055038
A2QLNIFOW90LOT	1.0	0.9734274249535009
A2QLPXZ9CNMMVQ	1.0	0.944843830807727
A2QM6ICCAHG9R1	1.0	0.9881402737428424
A2QMH8P6YR9TPX	1.0	0.975512859900546
A2QMQHNHXTKRM9	1.0	0.9138646017246922
A2QN7N9H1WI0AA	1.0	0.8519413597382377
A2QNMR8164Z337	1.0	0.7927150645026945
A2QO20Z0TAHKTX	1.0	0.8916968114031342
A2QOACGXAHAGHN	1.0	0.9242322068687495
A2QOYJ5BGFJGGV	1.0	0.8002559782669777
A2QPY7AWL38XY8	1.0	0.7224669269328643
A2QQ17FC2WV8OM	1.0	0.888321943290353
A2QQEWWIE0PD9J	1.0	0.7519985446447437
A2QQH28V1R1Y53	1.0	0.723192576858581
A2QQXVPER53HV6	1.0	0.9792691315509487
A2QR9IXLMIDL5U	1.0	0.9412887464830444
A2QRMY015BSFOF	1.0	0.7483476385495379
A2QS1G616D85LR	1.0	0.924610770973747
A2QS4HVN93OANT	1.0	0.37925490570863474
A2QS6V5G9L2W6J	1.0	0.8616892579951466
A2QSAZ30ZHPV0Q	1.0	0.8316904580138669
A2QSHWG0E5R3DN	1.0	0.9385354522600183
A2QSOCOZNBSYZB	1.0	0.9019237223288954
A2QSPEOV2ZXSMH	1.0	0.9684808411394072
A2QT2STSY5E145	1.0	0.9762805474856849
A2QTPZDTT3S30Z	1.0	0.9192896722563992
A2QUAQ4GR6SLF7	1.0	0.9556251645194958
A2QUHEGB2UF3L3	1.0	0.9334631726265825
A2QUK586DRS5EV	1.0	0.9689672677995895
A2QUOJMLPOO086	1.0	0.9105131400684034
A2QUPF2X18S589	1.0	0.9649708810052949
A2QUY2A42OV1CJ	1.0	0.6362271519126683
A2QV3QTAXVDUIO	1.0	0.8178484760637471
A2QV7GWM7D5P4D	1.0	0.5214651755097552
A2QVWSE9CPENCP	1.0	0.9799280052319019
A2QVXVZ8DNAMRU	1.0	0.7719163920490381
A2QWW5OCJ211KF	1.0	0.9519258022461156
A2QX9KNUJIJZDW	1.0	0.5755942316846577
A2QXB504S7LQ1Z	1.0	0.8222083635554346
A2QXG5SV2A2BEU	1.0	0.6683608613980624
A2QXPCQGFF23Q6	1.0	0.7540240782109858
A2QYJXIKIFI6I1	1.0	0.8640388930602285
A2QYQKOUF7SRTR	1.0	0.5625117516081397
A2QZ69T3AX2K1M	1.0	0.9822577156162126
A2R0ATFESL7Z4E	1.0	0.6863251304582307
A2R1IHKWRN9ZAC	1.0	0.9689241230910141
A2R1SMW8FEFDFO	1.0	0.8874591878693312
A2R28XTDZNN18Z	1.0	0.9460111490223739
A2R31VG8FY9S3W	1.0	0.9431729941043697
A2R35DE00SQDJQ	1.0	0.9846106331253313
A2R3ARA95OS9XJ	1.0	0.657292267484245
A2R4FHQQHFJWML	1.0	0.8760427921462282
A2R4LJETDYJQDE	1.0	0.9391118991534968
A2R631SHJK0E9C	1.0	0.900734691319552
A2R67QMXJA9GPV	1.0	0.932456588902205
A2R6N8S68XV2T1	1.0	0.9040622632582811
A2R6RA8FRBS608	1.0	0.7752261940565289
A2R7E8HSE7NQEO	1.0	0.8186162117103951
A2R7PJGG0BWY0J	1.0	0.500037808202101
A2R819E0C80FXW	1.0	0.8661657993303933
A2R8D8HINSLT7W	1.0	0.8602490602196542
A2R8UBW1SB7DRU	1.0	0.6741874910269205
A2R9CA3YT1WUNV	1.0	0.9165169138736038
A2R9MMMP0TIF9P	1.0	0.9278962308241588
A2R9W4I8RINUIL	1.0	0.8803376246259652
A2RA7J0SF948UO	1.0	0.9042854726595165
A2RA7U9L83BAOU	1.0	0.6423992350350904
A2RARKYHW0YP6H	1.0	0.8258731496844237
A2RB6IQQN6BTK	1.0	0.785541711369232
A2RBFZQMQJTVJH	1.0	0.7854030104956042
A2RBKB57AZFUUK	1.0	0.6213298915016177
A2RBNG3SZ2U00R	1.0	0.8081070230691902
A2RBNPWKANA94	1.0	0.7751129561857674
A2RC37CV2ZYEFX	1.0	0.8788331713038672
A2RD2JJH70G7XA	1.0	0.8246010822069345
A2RDN20FKZZVLT	1.0	0.7062726697174577
A2REZ2D3FK5JPD	1.0	0.948374022729289
A2REZHRO2Z70M7	1.0	0.6273046526766228
A2RFW4CT01YC7E	1.0	0.9248884003713355
A2RG2AID1ULUKY	1.0	0.8526185297076118
A2RGYZPGYPAPO9	1.0	0.9229638317440865
A2RH07W3TT0MFY	1.0	0.9402097843967013
A2RH1NN6ZKY9E7	1.0	0.894078742661331
A2RH96V95BVEW7	1.0	0.8469356587221656
A2RHDT9U9QHDRH	1.0	0.7883984074777798
A2RHDZ41XB4ZR0	1.0	0.9493327794818952
A2RI6TLZ3IEOOR	1.0	0.959048764734683
A2RILKTE950ML1	1.0	0.9458084888281825
A2RIRJ4IBI6SME	1.0	0.8508228410812794
A2RJ2F8S3QCU	1.0	0.944843830807727
A2RJWYOFLVRBRM	1.0	0.7569989687526402
A2RK3CB7LX9ZL8	1.0	0.790233271768527
A2RK65NZLW6K76	1.0	0.4136786451774231
A2RKI7RPP5CJMG	1.0	0.8521439251464024
A2RKQ21HXNDI4Z	1.0	0.785139558777349
A2RL0I88E0TFFE	1.0	0.9340030726495517
A2RLP66DQRDPGD	1.0	0.947126236190089
A2RM3DG5RG4XAH	1.0	0.7754216458960683
A2RN8I01AGY2V2	1.0	0.9474754139858451
A2RNE63P5QLD4W	1.0	0.8894977924690185
A2RNKU9KJHQ2BV	1.0	0.9553944358438322
A2RNVIJ75M2I31	1.0	0.9325160716088279
A2RNYF2PTOB82J	1.0	0.8954716740760998
A2RO2FSUH6RUK2	1.0	0.9293927810393576
A2ROEDMQ1X5897	1.0	0.9512823229736911
A2ROQ0412P57JD	1.0	0.8705313216926968
A2RPB8RGY6DINF	1.0	0.9351713833461051
A2RQEWPVA371SV	1.0	0.8311966495198126
A2RQI65SVHTDXP	1.0	0.8713909043944538
A2RQLV3OINYVAS	1.0	0.728074007670808
A2RQXXD4OVD9WW	1.0	0.9714572573834083
A2RQXXE9T61UU	1.0	0.9083866301413622
A2RRDGWVSUGOGM	1.0	0.6939434149479106
A2RRWCXVGMDG7	1.0	0.9502580322159533
A2RS3BDVJ65BMV	1.0	0.8368523786337166
A2RSS5GXK7BVHE	1.0	-0.18353629619203773
A2RSXC51JDD251	1.0	0.6978878236023501
A2RTN3HMVPV33T	1.0	0.9518552386516529
A2RTUXI4GIDQJ5	1.0	0.929374175989213
A2RU3G7MK9KFOD	1.0	0.5190090358697668
A2RU9ASRPWBLG3	1.0	0.8718022573859368
A2RU9RVRSPYAA0	1.0	0.8081283865069436
A2RUADXOPI1EQB	1.0	0.7041608003755208
A2RUD6FJOUB0LX	1.0	0.9301323131945478
A2RUGTDO0IQKAT	1.0	0.6404849654471991
A2RVWP05AU5UY9	1.0	0.24759018531188964
A2RVYFVG3VDOQS	1.0	-0.2551947748649523
A2RWGW6TGUX7E5	1.0	0.9320194465301143
A2RWK7WDWZX7WM	1.0	0.6711285987428414
A2RXX5DX05MFEU	1.0	0.9136261758130457
A2RY57LMONMEDL	1.0	0.8350558168043194
A2RYDYSZ8WQWA0	1.0	0.8903684896242161
A2RYQ0J53M3NYR	1.0	0.6570766651543489
A2RZ8ID5PKPZTL	1.0	0.9537149729996208
A2RZ9KUZ4KRUST	1.0	0.8871098385830007
A2RZF8BG2TI5YR	1.0	0.9502580322159533
A2RZOFO6YESZLZ	1.0	0.9044501405446955
A2RZY68AP11NOS	1.0	0.7813148190534823
A2RZZ8U3H0PUNS	1.0	0.8498214829844953
A2S0DU8QTQSKWK	1.0	0.9802337895714041
A2S0OMLVU7HWW9	1.0	0.7032647856126728
A2S0TMR69SMGC8	1.0	0.9661838172380548
A2S2RVRCW60068	1.0	0.8102290979511259
A2S30YDMN7YFII	1.0	0.8275905245797713
A2S346JKR9FJI0	1.0	0.7800904275742753
A2S36TJIVV5XIU	1.0	0.9178424184714056
A2S4692JUQDC9	1.0	0.39762634308154543
A2S4A0RHV0LZN	1.0	0.9214549373529229
A2S4J631ZUGSOX	1.0	0.9099269596526062
A2S4NOYJR5L3YY	1.0	0.9746399546577167
A2S65D5YDIACVW	1.0	0.760746937036287
A2S6QCNNN8AK91	1.0	0.7301408275564727
A2S6YPOKQULGSB	1.0	0.7750065237252743
A2S6ZQ3Q8D1E42	1.0	0.7411593354333591
A2S8DJRIJBAQZP	1.0	0.9878344894033403
A2S8LZSFR0SB88	1.0	0.915017651049933
A2S9D3513H6I2J	1.0	0.6695568148779815
A2S9VZ6FFJP7WA	1.0	0.8135714466894797
A2SA44PAGJ2K0U	1.0	0.9400125668271156
A2SAKQ7M1KSBQ	1.0	0.712618417107286
A2SAWD1LBFGX2Z	1.0	0.8458813768470523
A2SB5DNW80LRZR	1.0	0.7215407814749969
A2SBXQJ7PF3YGQ	1.0	0.9439615836804547
A2SBZRG3XV197Q	1.0	0.41879106610110933
A2SC6A1140J5CR	1.0	0.8944254492384365
A2SC8X1S8P8CFS	1.0	0.8383661241702094
A2SCA77AG7O8IK	1.0	0.9551824641097371
A2SCOJ1GOVKJ1Z	1.0	0.918209479227307
A2SD8R0SYGHD6T	1.0	0.8775748149830456
A2SFEUEIA8B9UV	1.0	0.8667320763265731
A2SFO2UE4A0BKS	1.0	0.767761759272284
A2SFSV2SWEPK1R	1.0	0.9157841295160289
A2SFWQF05LKH38	1.0	0.9768306072624524
A2SGF5EOPM2IJ2	1.0	0.8285549749345176
A2SGID6SQGEJ3Y	1.0	0.7862800296828077
A2SGRGLBDQ69GR	1.0	0.9455162394474688
A2SGTBELRBHU16	1.0	0.7902703914676108
A2SH1TZJQTB5AV	1.0	0.9557388990444293
A2SHBBKX530GI3	1.0	0.9746430609984359
A2SHBE31O3TJNM	1.0	0.8735430032789565
A2SHITC747CDDB	1.0	0.8982794446946797
A2SI5I1OF6LR1W	1.0	0.7209359076191384
A2SI9C9XZLU00M	1.0	0.7289604202022539
A2SIB3R3XTEYZF	1.0	0.7320657020971502
A2SIICHSD277AA	1.0	0.8810254853132281
A2SJB1HAP5CPLR	1.0	0.9109506886545149
A2SJJ247LCPEAR	1.0	0.9053367606246756
A2SK0CPXP4T7RS	1.0	0.6865884491412526
A2SK7RJVRABLKP	1.0	0.8618116650928639
A2SKU5BGER9LYK	1.0	0.9446875750995591
A2SLOF85ZZQYEG	1.0	0.9689672677995895
A2SLQGP2K7YBUX	1.0	0.953183402140181
A2SLU95PON3BQ0	1.0	0.8495290693384789
A2SMAPK3VZFSU6	1.0	0.8326732244449399
A2SN9XTW0QJZ5I	1.0	0.9545377160142294
A2SNI142G47D34	1.0	0.7841767474369168
A2SNK9GM1IDIJU	1.0	0.9063644730457655
A2SO2CTUOUKGBO	1.0	0.9453266672297141
A2SOZ260XIMQ9X	1.0	0.9822577156162126
A2SP7WD6OEYG5M	1.0	0.7022454715130579
A2SPANDNEUZ25Q	1.0	0.6396900906435212
A2SPD49PH5V3M0	1.0	0.9061660150351771
A2SPEDC7WSZCGC	1.0	0.6459252823509696
A2SQBYEPLOPWZ2	1.0	0.9697744941401568
A2SQOAQT6XTK31	1.0	0.9156428604439248
A2SR00PRDY3WSB	1.0	0.7107006796509431
A2SR3DWJR1PYR6	1.0	0.921685287252601
A2SRJUKDSA299Z	1.0	0.7665811852472217
A2SROPE4DLP815	1.0	0.9683298709942589
A2SRX6ESUCMU59	1.0	0.9558726367160981
A2SS2U1H5Z2082	1.0	0.804285531415461
A2SS4R4VFD42SX	1.0	0.9442322621287228
A2SSBL9S3UBYHP	1.0	0.9678944546262327
A2SSEL3UPU23SA	1.0	0.9439658089128349
A2SSEWWXS5H9IY	1.0	0.9334284294117056
A2SSL92JKWKZ4O	1.0	0.8632634550475689
A2SSNJ4I77NNGI	1.0	0.8830341655259751
A2STAR1V2N5E2K	1.0	0.8895237922817989
A2STATV06KN3QP	1.0	0.8172102584333225
A2STKYO3NMZL3P	1.0	0.9706867125719976
A2STMKMCLZJOZX	1.0	0.8122210009283388
A2SUH08PALZPZU	1.0	0.917013597758491
A2SV5PFLQGJYS9	1.0	0.9474793255315399
A2SVAVXX3JAEQ2	1.0	0.5777228608962766
A2SVCVTYK46EM5	1.0	0.9571262280992784
A2SW4ULCGAYUH	1.0	0.7739998752544258
A2SWFJI7GWA1GC	1.0	0.9409851987259058
A2SWZMFLH2W566	1.0	0.8773597107242753
A2SXIEEVMI09AK	1.0	0.8665890618519622
A2SXJZGMY90RZN	1.0	0.8547142899977421
A2SXWXZCBLW4M1	1.0	0.976986726168587
A2SYVHSNX6YF70	1.0	0.8435556219504313
A2SZ418DM7U7YU	1.0	0.9448444069238007
A2SZ5SO36U50ZE	1.0	0.872355068937481
A2SZ9F5U3S2DX0	1.0	0.8343793521561451
A2SZAVK2JU7D1B	1.0	0.9161372188574799
A2SZIGM6BBMP9K	1.0	0.965037620123818
A2SZXKV9Z0LX1L	1.0	0.7561084612509549
A2T09VT7R0PA4A	1.0	0.8419851207312576
A2T0HNDKJ56H6V	1.0	0.9193392361241305
A2T266MENR3XLY	1.0	0.7707461920072869
A2T2CLDMAKBQ94	1.0	0.8918282483806511
A2T2ZJLOEHLINV	1.0	0.8627392108461545
A2T35AL8FB6CF1	1.0	0.8658181362329185
A2T36AU3QY31UY	1.0	0.9431030332816633
A2T3EBLRFUNNEN	1.0	0.9743512314447742
A2T4BCEGQOD9JY	1.0	0.9386196803449014
A2T4RIYPTXFTZY	1.0	0.9333091811764762
A2T5QGTLBKL9IE	1.0	0.9802337895714041
A2T5U4REGXDDSR	1.0	0.95455204613059
A2T5UO430EWGIE	1.0	0.9191458989223072
A2T5WC0MZLVXQ5	1.0	0.5976798587698977
A2T5Y43BPKU4VD	1.0	0.5518451788240349
A2T6PIZWM8PEMA	1.0	0.9697864206800508
A2T6TLRDFCBO3R	1.0	0.808554985200645
A2T6U7CXE46L	1.0	0.5398557022005482
A2T70MZ9R9RV0W	1.0	0.6589243739095606
A2T795M06XG8FI	1.0	0.6319184360941148
A2T7C6A7ITU0U1	1.0	0.8182728046289345
A2T7HT0PESHY17	1.0	0.9256510283001017
A2T7TT50SEO3H7	1.0	0.9303244775648682
A2T8QLKOYBPCOL	1.0	0.7971207734454976
A2T952ZQXI06KJ	1.0	0.774942102956662
A2T9IE5AOK9525	1.0	0.8532217701903247
A2TAPL67U2A5HM	1.0	0.9007494594771134
A2TBEUZBSUZQKT	1.0	0.7327610864841164
A2TBMW5ISE03F8	1.0	0.39218235855135986
A2TCO3CE3GUJ9E	1.0	0.9172991237050391
A2TCS5WHOWV1D3	1.0	0.9400097581096396
A2TCVJLRL3JPLN	1.0	0.8411894885624709
A2TDE7C6G4VD4G	1.0	0.8292167627033802
A2TEYFQQKTP9BL	1.0	0.836840383152669
A2TFK78TUO9S0M	1.0	0.9320194465301143
A2TFOGA715F88V	1.0	0.9726803947414168
A2TFRMJG12K3WO	1.0	0.6798280199101918
A2TFU7U27DLGMD	1.0	0.8173387203589014
A2TG2G4CHM3N3P	1.0	0.8399080493189514
A2TG8DPYVN895H	1.0	0.8147147327122566
A2TGWCKTZNMJUN	1.0	0.744999186882912
A2THEEV7QZMYOE	1.0	0.9337848932373696
A2THNFFFYO1A6P	1.0	0.7416342928797045
A2TIVGSMR2EV62	1.0	0.8987850248515294
A2TJH323T4JEFA	1.0	0.8730260027360355
A2TJT5ULZFJ0YL	1.0	0.9417188463226238
A2TJTMSD6Q5WQ1	1.0	0.5384125314499398
A2TK08AXKEH9B8	1.0	0.8725079427355563
A2TKE89PNQG57O	1.0	0.8371524961239245
A2TKJDNYFTAQKU	1.0	0.8817811774440159
A2TL3M5614FTZ8	1.0	0.8199670121124535
A2TLEGF9MTP3JZ	1.0	0.8629226299704224
A2TLIKWSD8H44F	1.0	0.8879088389407799
A2TM00EGW18GG	1.0	0.5874023942107273
A2TMBMC2TZS2AA	1.0	0.9460584507282893
A2TMO9IEKJCNTE	1.0	0.9391392601729374
A2TMZI8FD935WW	1.0	0.9688847087598165
A2TN6I9L54GEE8	1.0	0.7704756846769546
A2TNE9ZYTKXKG0	1.0	0.8651791156521025
A2TNO4NG8LZ7FQ	1.0	0.8789571364606059
A2TO9WBUCW05XH	1.0	0.8911673873563272
A2TOB6XI9XDCAR	1.0	0.9632922938744167
A2TOLQWF59YZON	1.0	0.9474793255315399
A2TONC1NY4ST4V	1.0	0.9400021522944261
A2TP2FPROZHPWK	1.0	0.7703982789550173
A2TQ7H0AQUV9D2	1.0	0.9802337895714041
A2TQ8QB1DFP0T6	1.0	0.9274299298176207
A2TQD6R721TBOJ	1.0	0.8755675797967396
A2TQE11JKXW8B3	1.0	0.8852867201843861
A2TQIY0R7FBMQP	1.0	0.887105532165391
A2TQO5CPZHBE6C	1.0	0.8832236323030281
A2TRDULU6DNT8W	1.0	0.7463167331664814
A2TRIB5F113RZU	1.0	0.6329703348832081
A2TRMX7KR6IIVA	1.0	0.7330801578066661
A2TRQ133GXDQKU	1.0	0.9389612726810973
A2TS84CV5PTG0V	1.0	0.8274200799077301
A2TSDETXQRK48V	1.0	0.8576868718209756
A2TSS29IZ9A9DK	1.0	0.9537149729996208
A2TSVFIJOKHZ2N	1.0	0.9595975311262507
A2TT9HVQV4CPH0	1.0	0.9323725358715653
A2TTBO023PYYBA	1.0	0.7332806430436485
A2TTUS44AI5VJ9	1.0	0.88457497458527
A2TUKSC9QTQKBK	1.0	0.9197952616020247
A2TV53GLUBYO63	1.0	0.9374201830582758
A2TVM9TDTVAY8L	1.0	0.9446546107999314
A2TVPIDNOLDYXG	1.0	0.7713656061916373
A2TW80E3JCSJY	1.0	0.9723273053999657
A2TWC0L0IE24CG	1.0	0.9583065784694882
A2TWCLNH1NP51O	1.0	0.7376220089320596
A2TWT7ZPBBYZYF	1.0	0.9845055075302213
A2TX79GR278JMA	1.0	0.9622108557862025
A2TXH9QKLD4ZVX	1.0	0.9417606367385655
A2TXKUC8SN53H7	1.0	0.8051089698381032
A2TY1IY63GFOK7	1.0	0.8072919453328278
A2TYF5K1AW0O72	1.0	0.9199095909809657
A2TYI71R8SB69K	1.0	0.7042125644427721
A2TYY5EMVWGZ0I	1.0	0.702202204346094
A2TYZ821XXK2YZ	1.0	0.9177090758881429
A2TYZJQ1TEN0NR	1.0	-0.17803954431606278
A2TZX7JGYO2BED	1.0	0.8933502544769872
A2U01PVAH58YBD	1.0	0.9347907303810262
A2U0PULHH2ZMZ0	1.0	0.8857315559755237
A2U15B5HYZCDG6	1.0	0.8990635989944881
A2U2NICLNPWW8Q	1.0	0.9650070263197175
A2U35PNT7LGIHR	1.0	0.9476410375387616
A2U41BZL55QSYU	1.0	0.7280230216628453
A2U49LUUY4IKQQ	1.0	0.8594546274414715
A2U4AYF0PP9IVE	1.0	0.9027620249095037
A2U4EYGRZJR5GI	1.0	0.9701395100215018
A2U4KTWK4Z1EM	1.0	0.6163559484483792
A2U5AO02NUNRJQ	1.0	0.8079950021338671
A2U5BFVUUDN2HT	1.0	0.9521684216083562
A2U5U2WZMUZNPZ	1.0	0.8226779061720882
A2U60JJ67KZRP9	1.0	0.8564162389004836
A2U6BNFKHTR2ZV	1.0	0.8011684683165321
A2U6GBLTMWMACQ	1.0	0.9316395015948964
A2U6HREIVTHV0T	1.0	0.8990366006459048
A2U6L6XZ2LSNBP	1.0	0.6877604288133192
A2U6S1L7AVC5CI	1.0	0.9694333313385998
A2U71G51N2M8P8	1.0	0.8909966885482207
A2U750U7XDZN1H	1.0	0.8674766055099773
A2U75NJOJH4CN	1.0	0.9165388300677211
A2U7AVYXAGJ4JA	1.0	0.886629818220433
A2U7HD2VC2QS9U	1.0	0.8610576608790993
A2U7PDIBTY0LWZ	1.0	0.8472225548647333
A2U7Y3QRV4B5TI	1.0	0.9145089914628755
A2U7Y8RHOU03ED	1.0	0.9802337895714041
A2U7ZMK409CLIH	1.0	0.6639744227138694
A2U8PYO667PVO0	1.0	0.9358853208613906
A2U8YAFKHA0HYZ	1.0	0.9768306072624524
A2U99LG9CWVD3V	1.0	0.9604675791428081
A2U9ROHT3WRMOJ	1.0	0.9507718356080607
A2U9TMU40ZJWBL	1.0	0.8085531516439434
A2UAVYFK0WQ36R	1.0	0.7693036554294277
A2UBQA85NIGLHA	1.0	0.8501705730199574
A2UBUF3UUSAWNZ	1.0	0.6795928326416123
A2UDKT29ON9UZE	1.0	0.7280807578006645
A2UE65HS7O6P63	1.0	0.8942837310790858
A2UE8A6OYV1MN3	1.0	0.8435665039487305
A2UEA5O8BZ4DY4	1.0	0.9331696079018749
A2UEXA5EDWF0F4	1.0	0.8929685668772492
A2UFEG2FMO8RGS	1.0	0.9356195992743824
A2UFJ5NIT2RFCM	1.0	0.8836739890903164
A2UGKG8D9TILCT	1.0	0.8986928239285723
A2UGR1T0FW89MM	1.0	0.8046017431149257
A2UGS3IRGZP2Q6	1.0	0.9531900404461796
A2UH5BWDLK5EK0	1.0	0.9361564891812344
A2UH8RC6K5R5T5	1.0	0.9358554227911783
A2UHHT9XQHKUKU	1.0	0.9697744941401568
A2UHIQNHUD3XFR	1.0	0.8870773682401812
A2UIAKRU5TXCLA	1.0	0.4010590048526779
A2UIDP4BB4FEGR	1.0	0.9363496920150278
A2UINF8IWVS2EI	1.0	0.8021896510560691
A2UIVPGUMXCC9U	1.0	0.8968329807707693
A2UIZBSNN6Q18O	1.0	0.8910888350558921
A2UK7W1U0T9V9W	1.0	0.9108963269030624
A2UKF1VZLFEKM3	1.0	0.8808165194235605
A2UKZPTWHNBZP1	1.0	0.9271795776117738
A2ULGK5AHNH2Y7	1.0	0.9706867125719976
A2UMCI5V2FDYFG	1.0	0.9677827522242879
A2UMGZ0OLI4RVR	1.0	0.93060708916431
A2UMZR9KM49AL0	1.0	0.9138273912125381
A2UN5TKJR1H4HV	1.0	0.8238877714688495
A2UN8PV06633AD	1.0	0.7713981145165748
A2UNAFWQOWM87B	1.0	0.8656843790894456
A2UNDM1575MPH3	1.0	0.9300901304892035
A2UNU2A5BCZ8S8	1.0	0.9728773651767333
A2UO040HWOP0C2	1.0	0.7344551228060318
A2UO1G49TC9RP5	1.0	0.9397328323160268
A2UOGNR1UWRGPH	1.0	0.8354640903337637
A2UOS8IYINMP2Z	1.0	-0.10110715596334509
A2UOYMXNNTE1J	1.0	0.9085564017649125
A2UPE7OTFZS84O	1.0	0.8693091810149053
A2UPMGMEPBQGKM	1.0	0.9210484326304899
A2UPOYZKJX8JT7	1.0	0.882045926604038
A2UQGX6YMQ5BAL	1.0	0.84066867872941
A2UQII9H2EKCWK	1.0	-0.17832239164536712
A2UQSN6GGRVAEQ	1.0	0.9629720394613037
A2UR1BYLM6ACLC	1.0	0.7065783952317821
A2UR38SZPVA07I	1.0	0.9002139680102392
A2URO3Y9ZGTW9X	1.0	0.9468185935223415
A2URUK1RQY53CJ	1.0	0.6202667320999876
A2USJ3U5OP34N	1.0	0.9033335068525872
A2USNQCJFAFQU5	1.0	0.9746399546577167
A2UT3H2JLB8E6Y	1.0	0.8172697356285451
A2UTB6ADGSFFSU	1.0	0.5427455411795438
A2UTHVRV2GYKNS	1.0	0.9291254724687483
A2UU1I4ZCCN0R9	1.0	0.8255840922793994
A2UU3CGSPYRBUD	1.0	0.9546796310200761
A2UUAIJ5QNBTJY	1.0	0.24084652877397877
A2UUEV4MYOJY66	1.0	0.9119388039986871
A2UUQFH6UK6BH7	1.0	0.8200971780808085
A2UUVVBIFNQD43	1.0	0.9645154312324252
A2UV4OMCCVWTI4	1.0	0.8326967863861685
A2UVAVW5WSR2CU	1.0	0.9683740633142466
A2UVEQAQVSBOS6	1.0	0.908404399433137
A2UVF8S8G0BOO	1.0	0.9413647712179952
A2UWBT9PBBQ7OJ	1.0	0.5804627339379886
A2UWRL6FVVVLO5	1.0	0.8781645248443943
A2UWV9O6RIGFFO	1.0	0.911333603465463
A2UWW752SV4PIV	1.0	0.9723273053999657
A2UYAFQ40U2PHS	1.0	0.8219435140389046
A2UYBXJACYG1N9	1.0	0.8358009024512378
A2UYGOYMV73826	1.0	0.9743512314447742
A2UYNHTSG945XZ	1.0	0.40993421924041823
A2UZ0RL8HXKBI8	1.0	0.7772762958977785
A2V01T1USL7EKV	1.0	0.9582797837643443
A2V03EWXBGZU3T	1.0	0.7216090099889633
A2V04ELJ57V66P	1.0	0.9616347687326824
A2V0AHXHTIIPUZ	1.0	0.7021627437714337
A2V0C5LIV1C9BA	1.0	0.750844737087491
A2V0KVVJIS7F9	1.0	0.804338991805535
A2V158MGF69HT4	1.0	0.8443060664047867
A2V190AUMQ8LII	1.0	0.9122406572257847
A2V1ETGEKNTHQE	1.0	0.9049578982570241
A2V1ZGT9AE5FC6	1.0	0.6878228310198023
A2V284VDC83KS6	1.0	0.3958217383893859
A2V2ZS2N2XTW74	1.0	0.9750489037941649
A2V3OVMEM7G54T	1.0	0.874066056035186
A2V5XFNXPUQVLS	1.0	0.6696908237622996
A2V6AF1D8AB8JX	1.0	0.7263376900873421
A2V6K5K8ZNAMG2	1.0	0.9226313456631142
A2V6ZG2ULNUZLJ	1.0	0.8593707518624673
A2V76MND9LT7I8	1.0	0.9518618785515837
A2V78GK5CH63DA	1.0	0.8807873001544534
A2V7X0U008DAMN	1.0	0.9697744941401568
A2V7Y24YH0C6XW	1.0	0.8275637952054892
A2V82ZW9RDHNGH	1.0	0.7901494916914977
A2V9TYDUCGPICD	1.0	0.919691327406773
A2VAEIJDXYWU8M	1.0	0.8426354646225
A2VAK1FL2LSANH	1.0	0.9355602901974204
A2VAZRBS1VOBUF	1.0	0.8789671801829756
A2VB72GXLHX1HX	1.0	0.8318789970571354
A2VBKE7NWP6BPZ	1.0	0.9231933297226205
A2VBKW3QKAB6FQ	1.0	0.8636582451192871
A2VBSTQ9O0AEB6	1.0	0.6374060287439152
A2VC8ACBF12PTN	1.0	0.9687082073561509
A2VCJHFSXEOXV7	1.0	0.9505865202275228
A2VCP3UVLG23KN	1.0	0.8256946921136616
A2VDGODEA73QTB	1.0	0.8417386879269468
A2VDQD3JBUCGI3	1.0	0.8730406822364074
A2VDTD7VN80C3I	1.0	0.7957805397726873
A2VEBTXV3DI1W1	1.0	0.8075210759711392
A2VELWJR8XIQHN	1.0	0.21282902130540987
A2VET003MCRZM2	1.0	0.9401680235600371
A2VF5T0X0FPDG2	1.0	0.8100722318534448
A2VF7UWC1TRIBG	1.0	0.8805566298728617
A2VG2MCM39HDZW	1.0	0.7436648998811319
A2VG6FKR3WQ84A	1.0	0.46416999900675865
A2VGKEV1K6EF87	1.0	0.8653819910962753
A2VI3FCW3YODVC	1.0	0.6997628985929576
A2VIAL2HDJ53DW	1.0	0.7412244045451424
A2VIB3S5P0J38C	1.0	0.8966160920890087
A2VJ23OW9E1RSM	1.0	0.8828739189646369
A2VJ2TDJRW5NNY	1.0	0.9307360112499886
A2VJ5ALN1BIV3B	1.0	0.9350298165967925
A2VJRHI2GJKEQQ	1.0	0.8706899672373561
A2VKD85OBGOM8G	1.0	0.7419774120360375
A2VKMH22078PIL	1.0	0.805799529798794
A2VKTMIJJK06W	1.0	0.9583016626886143
A2VLGDYI7S9ISY	1.0	0.6708640400992223
A2VLT9KHZ3V8Y9	1.0	0.9371310999701596
A2VMUAVIQX7RCL	1.0	0.9034870186344248
A2VMYVWZKKG91Q	1.0	0.8440349982318301
A2VNHSOB2EO2YY	1.0	0.9259830747465445
A2VNM9XQG9KHFD	1.0	0.885972367309231
A2VNXKHB54FPPP	1.0	0.835511042759622
A2VOI85H5S0OH6	1.0	0.6562009990913058
A2VOVZMI83Y7L6	1.0	0.7878405611738332
A2VP4YOKRKSYRC	1.0	0.43560660141705887
A2VP8VID9V2V5C	1.0	0.8892560291249738
A2VPW35GSE96J1	1.0	0.9424668154214675
A2VPW6AUH2WJTG	1.0	0.9620127973021165
A2VQPOWJSXAXFY	1.0	0.885792447104036
A2VR0UH2AQMEJV	1.0	0.48886143938469817
A2VR3N2VMEJLYR	1.0	0.8681865232830521
A2VR6PDWL86VS9	1.0	0.40960527321031803
A2VR8LBBP113JM	1.0	0.6363085208064986
A2VRL7KYHJQWPE	1.0	0.5817748369823449
A2VRRV9WDJYQFN	1.0	0.9350749870807089
A2VSNRJOQET5BM	1.0	0.8949926471998683
A2VSNUK7YLRKRE	1.0	0.8545205842743561
A2VT04VPW1S459	1.0	0.851874216201395
A2VUDEZFABPHRC	1.0	0.9770358420468386
A2VUTFKZYIBZ36	1.0	0.38417703277921467
A2VUXH2OVK9A6G	1.0	0.9116081031039253
A2VV8ISD1EYT6E	1.0	0.912055341433817
A2VVILVIL5ZG6P	1.0	0.9062705171280989
A2VVXEHT4MAQDY	1.0	0.9472609668397513
A2VVXJVNS7OLTV	1.0	0.8845987978688065
A2VVXMM2XG3LLZ	1.0	0.8515238113667435
A2VX4KY9RLL8C2	1.0	0.6850326452145066
A2VYD43X68KFBS	1.0	0.8645146763083242
A2VYJ3UYXJ311T	1.0	0.7717186560053765
A2VYLXYG3H6TYN	1.0	0.38508256013299896
A2VYPEKBMV1E14	1.0	0.8739727408006042
A2VZBZ6DDXHABL	1.0	0.9378557048153865
A2W00XQKUAK49U	1.0	0.9541204462698638
A2W0ZB5G3356ZD	1.0	0.6794664450820989
A2W2GVDFF8P13G	1.0	0.6623089078990729
A2W2PYVSXV4Z6H	1.0	0.8008146964129877
A2W2YP3IEC5CLK	1.0	0.9327175036382479
A2W3JEJ3C93QWF	1.0	0.8641752330813397
A2W47PNNTF4I9V	1.0	0.9363291863901075
A2W4L40QJVO3QE	1.0	0.9363695358058244
A2W4LX7D3GPIXH	1.0	0.9033437276457543
A2W4UK8HIMVR53	1.0	0.8943700418724755
A2W556IHVPZJVC	1.0	0.7824747683807651
A2W5N9GQM50N7S	1.0	0.8589622861699101
A2W5WM59NQFSVG	1.0	0.9477630272267458
A2W6103GVJG5CS	1.0	0.9476393164874651
A2W65WAG8RZO13	1.0	0.9367810909281208
A2W73JAQ4AVCNJ	1.0	0.8948555407380653
A2W75QINEZTUFR	1.0	0.9284706023560197
A2W7T4X2APFU7N	1.0	0.9185316399006677
A2W98USCNTESCL	1.0	0.902075683696302
A2W9C3RPEITUQO	1.0	0.879500821593711
A2W9E0C1QMM6A3	1.0	0.8723271658086855
A2W9I628I6SE1U	1.0	0.9648918158622194
A2W9MQ7HJY6TKH	1.0	0.7912177988468553
A2WAK3Q7HTGI2B	1.0	0.8422243118876888
A2WAO1RTDNN80O	1.0	0.7180865962359535
A2WBB8QN9S617	1.0	0.6734821934419222
A2WBEFFT1PT9SK	1.0	0.9637149649088105
A2WC24DWP57F8K	1.0	0.7752092565598316
A2WCW7FHX9HJKK	1.0	0.9458410197706176
A2WCYNH4TJBFGK	1.0	0.9415690028544639
A2WD3W8VV3RX5J	1.0	0.6650312030448938
A2WD7LYDMPYQK5	1.0	0.6800398972364196
A2WDA5X643S67J	1.0	0.9115006464344763
A2WDGB4M6DVRDW	1.0	0.86963411014913
A2WDGG3FIC9BKA	1.0	0.9379781862513704
A2WDX2YEWJDING	1.0	0.6927274014471865
A2WE5R44SIWN8E	1.0	0.9728773651767333
A2WEGDBXTCHCLI	1.0	0.8404903113007488
A2WEH6H5AGO94E	1.0	0.9339024627296674
A2WEHGEXFP1NDP	1.0	0.8173882630899381
A2WETFLJM0D6R0	1.0	0.908973063290422
A2WEWS5QLR7P4Y	1.0	0.5996804682124722
A2WF5UOZAN6C1A	1.0	0.9152056167245712
A2WFJMW73E6DO7	1.0	0.026066168577012525
A2WFT4BUHNQZ1X	1.0	0.7698680526945361
A2WG6VH4A6MIJV	1.0	0.19743967337380425
A2WGHCMD3TA0TZ	1.0	0.9356359956598446
A2WGJR5KC38JNW	1.0	0.9320194465301143
A2WH9LD7GNVFTN	1.0	-0.18321350403651385
A2WHAMNZD94N6A	1.0	0.8046456517705429
A2WHKSL7KVSZZN	1.0	0.9273173057418868
A2WHVAVATUFFSS	1.0	0.8989752425001147
A2WHVEFYI431UI	1.0	0.2523711375976549
A2WIKOVO28F9DA	1.0	0.79492841843845
A2WIT5OFLTH9JM	1.0	0.9031926580153224
A2WJ4MZEIPG6XW	1.0	0.8620635531427013
A2WJMYE4UR49IE	1.0	0.9263382535638247
A2WJRBJ11CP7P7	1.0	0.9024208626656515
A2WJT8U3GJACAO	1.0	0.6157026294924736
A2WJWA1ZPD2UJM	1.0	0.524587176972065
A2WJXL0U8EQ15P	1.0	0.8498031662403301
A2WK3IDGXWQBZE	1.0	0.6945142213137486
A2WKMJ44TCCYSA	1.0	0.9571875408544027
A2WLMLNP0LLFIM	1.0	0.9270036427461856
A2WLWXVNMZQ9JN	1.0	0.7939714056713423
A2WM2R7UXOA0FP	1.0	0.9369373466362887
A2WM3VU6BH06IM	1.0	0.94079597871811
A2WMD8GOHSD2TZ	1.0	0.579162569307419
A2WMONL3J4GXMU	1.0	0.7199241906760765
A2WMP3I884ZOB3	1.0	0.8124400221267567
A2WMV7U1FJEW03	1.0	0.7235383260298738
A2WNLX4RDAG9MP	1.0	0.937122849987594
A2WNT0M77XRT81	1.0	0.715273385377214
A2WNXL3Q73ZWF7	1.0	0.8885671234307038
A2WOES126GN1XL	1.0	0.9677978730972973
A2WOFS4QZEJS0V	1.0	0.8867936875540883
A2WOZOO71SE81Q	1.0	0.9512687014129309
A2WPNXN51PL5SU	1.0	0.942495901190405
A2WQ3US8LZ9DHO	1.0	0.8948725429593888
A2WQEHIMV6XASD	1.0	0.9490824173030344
A2WQL74UCVDMMV	1.0	0.8626651202672332
A2WQLPR65RSGJ7	1.0	0.939736710693757
A2WQWQFG7G95Q8	1.0	0.47401781730273956
A2WQY1B8ZS7QRZ	1.0	0.8776144122191597
A2WR02CVUTY7VF	1.0	0.4249516799109446
A2WRE0QZOQXKU6	1.0	0.9014451711870421
A2WRWK0ARXOFSZ	1.0	0.9532331514011525
A2WS0TKY0R1366	1.0	0.834096344685001
A2WSQ2L9FECS1W	1.0	0.8288296676071021
A2WT7L74NFCWP6	1.0	0.951793407386231
A2WT86IPK92CM0	1.0	0.9063384781223491
A2WTBORQTB7NML	1.0	0.8121631197187622
A2WTVN9LSWSTVZ	1.0	0.8001944125088538
A2WTYY8I0WZZZZ	1.0	0.9313980570637789
A2WU33NELIPALP	1.0	0.9285606941922482
A2WUSTK2BJE9ZL	1.0	0.9812930575957574
A2WUXRICH8FQ4	1.0	0.7058985893217893
A2WV0OUQTDOKUX	1.0	0.6530543313414436
A2WVCW1TP0DCUU	1.0	0.9136622189831096
A2WVNK47TV30GT	1.0	0.8509397862955255
A2WVU68D1ZEX6N	1.0	0.898510585456677
A2WW4KKCWRP4GK	1.0	0.7890067844182711
A2WWEH30HUQPC3	1.0	0.4413933259466866
A2WWQCB9PV31Y0	1.0	0.9871756157223872
A2WWVYV2J4NHP9	1.0	0.8397466167699725
A2WX44CHE3672W	1.0	0.5539719816112574
A2WYAMPJXTCPFR	1.0	0.870490043741455
A2WYAPU3X7N60C	1.0	0.9163290327747833
A2WYKCBLUBW50D	1.0	0.6438076188494429
A2WYNG6JT8HMJH	1.0	0.8073765503597649
A2WZTEPRJKDGW0	1.0	0.8602748709823049
A2WZYL0HNUR5XH	1.0	0.9054752792841906
A2X07976LQEVHR	1.0	0.9417428920827724
A2X1F0WUJJP0FC	1.0	0.8603430426398654
A2X1S1QCH67T2J	1.0	0.9471700352716764
A2X1UZ0IRG85RQ	1.0	0.9618680099687185
A2X1V8388SF2KH	1.0	0.892016473428785
A2X21M8ZA0RAAM	1.0	0.8278122282764634
A2X24M6ERNC3NG	1.0	0.7340656329671389
A2X2J1FS9JD5IE	1.0	0.975687798180815
A2X2LC7CL1Y9KS	1.0	0.8376052467994644
A2X2LJ8SUDJH5D	1.0	0.8228505000627514
A2X2NZPZ5PJGC0	1.0	0.8393007439296282
A2X3AO8E3X6XG2	1.0	0.849502797582078
A2X3E1S9BLQOD5	1.0	0.4557694195174288
A2X3EN6HYWSRNP	1.0	0.9355487494984241
A2X3Q48VCQBTVN	1.0	0.7624621298821627
A2X46TS9VTP3BK	1.0	0.93339165400339
A2X4K0MBYQELAB	1.0	0.9537094210292664
A2X4S47ZOSB6GI	1.0	0.731280936696594
A2X4ZKLENAS628	1.0	0.9482164047772081
A2X5LIP96WWSYX	1.0	0.9418089469011057
A2X5YXPSZK4JB8	1.0	0.9180411842242504
A2X695AM08AIN1	1.0	0.7240071893394016
A2X7R5NGYYT3YM	1.0	0.6696946445031775
A2X7VV7HOAAJRW	1.0	0.924249718639027
A2X7VX9VL2899E	1.0	0.9661862679357827
A2X8AZWWE8HA2G	1.0	0.29636900980987346
A2X8HNENH4ZMUI	1.0	0.7549947660382774
A2X8KGSJ73EG9F	1.0	0.900709198590542
A2X8ORD8P2R39S	1.0	0.7092588297973165
A2X956DOFU1UTW	1.0	0.9365210582368808
A2X95VXBFB7WHB	1.0	0.947126236190089
A2X98IBRFHRLWJ	1.0	0.729049312566177
A2X98SCS2M7IS4	1.0	0.9038013503703265
A2XABEL5QL0BKC	1.0	0.9802337895714041
A2XAGHP5RNHUV8	1.0	0.8996488684247613
A2XAHOAEEMYPIP	1.0	0.9058723189097243
A2XAJX9EOMX969	1.0	0.8032328336068175
A2XANDN493WLKC	1.0	0.7168417482537172
A2XB5J6NB4C90	1.0	0.9005069963322102
A2XBGW34SC9TM8	1.0	0.9545183457510752
A2XBLMW3MJF9NC	1.0	0.8094403259515955
A2XBMGETQRI2SG	1.0	0.9478630343928536
A2XBPJ4V623SW	1.0	0.9302241877530045
A2XBV3AWQ6GEDY	1.0	0.9083655466500867
A2XCESKHK8KYSB	1.0	0.8462931738175609
A2XCQN2NAOIYF9	1.0	0.9812286914672487
A2XCZDN22AFS9D	1.0	0.6202185151445918
A2XD56CL469EMC	1.0	0.6340039228635114
A2XDMEL1NK0L0D	1.0	0.8986929949470404
A2XDOOOB5P2000	1.0	0.8738948197551097
A2XE1O2C44WEWB	1.0	0.9272322576036733
A2XE7SG4ZFAOIB	1.0	0.9141478357292064
A2XEAMJZEN2CZS	1.0	0.6255557024289083
A2XECVF3IKYKQ2	1.0	0.956514337057089
A2XEPKL0CTSLV8	1.0	0.7318050365127768
A2XF6EFU44M9J0	1.0	0.9117552890560804
A2XFWC1AYUQ8P5	1.0	0.9389612726810973
A2XGLRDMB80RD1	1.0	0.9243354725806272
A2XH00B2HM52Z7	1.0	0.8177385435518165
A2XH5WQOSSC18H	1.0	0.9371401111194249
A2XHB2CUBRUE1M	1.0	0.8130635204034057
A2XHH5DF8628J8	1.0	0.9593390517886975
A2XHI8A99Z6VNK	1.0	0.8877583455745436
A2XI5IQVS756C8	1.0	0.6673638731344235
A2XIVWAE62MEZA	1.0	0.9585041408487781
A2XJ8LECDXK9S3	1.0	0.9470217422710352
A2XKCRSSSXDY6Y	1.0	0.7525029599457997
A2XKRTDDV4JCRN	1.0	0.6486715814105327
A2XKSPQSPBSO9E	1.0	0.8565101628072012
A2XLJCVDWMQYFM	1.0	0.880087886302005
A2XLT3CU7EP3NG	1.0	0.8808165194235605
A2XLYJIQHITC3X	1.0	0.8565408355821064
A2XMVJ05XYJ2RJ	1.0	0.8873457833058328
A2XNE0RSC4VE5D	1.0	0.8717975459986153
A2XNID09ZCM4CP	1.0	0.812978544589877
A2XOAXP9XCGTE6	1.0	0.9360593350189483
A2XOI5AK6WTHW3	1.0	0.7467699194313973
A2XOJQPTNDZL1V	1.0	0.9502580322159533
A2XOV3ZKGDK55G	1.0	0.9511437933902663
A2XOWVWIKMODTN	1.0	0.9746399546577167
A2XOWXRG7V95RF	1.0	0.8787213919466722
A2XPNDOHJBJW5K	1.0	0.7398781442878659
A2XPY217T5PCZR	1.0	0.9768306072624524
A2XPZEYMYKCVO3	1.0	0.9003405367910938
A2XQ8V2GXTW3MP	1.0	0.9768737519710279
A2XQT9ZMXJ8NF3	1.0	0.8376211351787565
A2XQYZ7791CORS	1.0	0.7983846536283217
A2XR0RUGUVCXX5	1.0	0.9620269304413022
A2XRDQNDE1N3K1	1.0	0.9259959785582289
A2XRUYELS1A52W	1.0	0.9783044735304934
A2XS3VBDCE5JEA	1.0	0.9259959785582289
A2XS8TJDRIWSB0	1.0	0.8249105957995307
A2XSAWSJ25XG4N	1.0	0.8581177767416694
A2XSEFTZT8HWLB	1.0	0.326833903458955
A2XSU0SYEXKB2C	1.0	0.5601021601410879
A2XT2NGE3M4VB1	1.0	0.7853593018875221
A2XTLU7F6796WX	1.0	0.7505994519509038
A2XTUF1N7OSKX2	1.0	0.9158551506473585
A2XV17SN6K1JNH	1.0	0.7451392424954826
A2XVDYOW18FNMJ	1.0	0.8548518399235039
A2XVPL86PHZTIX	1.0	0.7525620790737922
A2XW0VLIYEOIFU	1.0	0.9580736883555829
A2XW8LWLLIXP62	1.0	0.8447719195403671
A2XWKKC8QCCK7K	1.0	0.8900908861492408
A2XWKXQEITUU6B	1.0	0.8753171481315898
A2XX1AN557Y0F8	1.0	0.9795100914984416
A2XXBZPQT5EXHV	1.0	0.8692774763593072
A2XXV7HV6QHVFV	1.0	0.8543692508284563
A2XZHXLDPD7KCK	1.0	0.7074202185771518
A2XZWMTCQWOIX3	1.0	0.8978212123898481
A2Y092MEVRNPI	1.0	0.9439526181855636
A2Y17Z5OJ5LHZC	1.0	0.9465881129093764
A2Y1BK2531EQFI	1.0	0.9617414826352001
A2Y1M1OFYKRZ3J	1.0	0.9397328323160268
A2Y1RV5JZEW299	1.0	0.9372734379843551
A2Y1X56N8NPH8G	1.0	0.7371814125355108
A2Y222P66EWVOZ	1.0	0.8554617837831703
A2Y2QZLJ4C6YFH	1.0	0.7203366870031949
A2Y2Z7EAYWVLV3	1.0	0.9622902293526998
A2Y332SQRM8PE	1.0	0.9689241230910141
A2Y3PHNEUATCIR	1.0	0.9528581344310072
A2Y3Y55373HX9Y	1.0	0.8600905940078202
A2Y47C5F3IL131	1.0	0.9676063757291077
A2Y4QMRYZ5J208	1.0	0.6983635766086699
A2Y553KXY1BQGE	1.0	0.7807370064744887
A2Y759QJA65ENE	1.0	0.7499872894082431
A2Y7A8F738CUY6	1.0	0.9258891221918555
A2Y7FOJ91X3NJB	1.0	0.873741163578193
A2Y85E6GF6Z6RU	1.0	0.7984802042031093
A2Y8VW8ULGUM1C	1.0	0.9631496277934084
A2Y94I6F7EOZ3U	1.0	0.963456163208072
A2Y9A8RR4CAQIX	1.0	0.7737227510191099
A2Y9PD0Q5TH6A7	1.0	0.9482168121833479
A2YA0UUU8KKG7A	1.0	0.8719530845092807
A2YA49TLAGV7FV	1.0	0.9279387123140848
A2YAI3C0Q3FBFT	1.0	0.8777396139508284
A2YBFBJGIDQWP0	1.0	0.8524378714936954
A2YBG9WROG975K	1.0	0.7641019700717722
A2YBKDVK5BWXO4	1.0	0.8264993427632423
A2YBKK4R3R3BO1	1.0	0.8628197985656252
A2YBKKLYAMSJMU	1.0	0.8500006867984697
A2YC5JMS2RQI87	1.0	0.9269696797340555
A2YC5ZB80HXKNS	1.0	0.9306306498625002
A2YCF7DGUDPTKL	1.0	0.9813904010421624
A2YCT2APE07NRO	1.0	0.8468872975803303
A2YDCTQ41M2QA2	1.0	0.93138317190334
A2YDLY3DPSP0K4	1.0	0.957537983864789
A2YDPLMJKGWWMR	1.0	0.7114133277424997
A2YDSDW61A7JCW	1.0	0.8662167888095764
A2YDWVLN3LIU3C	1.0	0.7291862185400352
A2YECFGWMYB6BL	1.0	0.8628944179494483
A2YECX5S65MH91	1.0	0.9150791249021123
A2YEJLD2ETKUP4	1.0	0.9396489516456703
A2YEOCKSET7AH9	1.0	0.828453581631085
A2YEVEH4OHF1IX	1.0	0.8990047131767468
A2YF303LMLMP5L	1.0	0.9288416424570547
A2YF4RYQWWEI4B	1.0	0.6079159581140798
A2YFNDNQ8F8JX0	1.0	0.9006435342870277
A2YFUZ7VRAWVQC	1.0	0.9635507732119699
A2YGBVYHILOREF	1.0	0.9256230411776746
A2YGEXWGYS000L	1.0	0.9505766316758404
A2YGUHTGAHD720	1.0	0.9352665099329314
A2YGZ5HH8NQ1Q8	1.0	0.8688752343338396
A2YH8KMXG97W7M	1.0	0.3802180006402335
A2YI4MRIL0A20Z	1.0	0.8415207637945266
A2YIEI78UK1O1T	1.0	0.9720023212219565
A2YIEJWSUTOCYE	1.0	0.6405711208542288
A2YK74B7H47PU0	1.0	0.9431729941043697
A2YKU5ZJSDLREO	1.0	0.9156600450788221
A2YKWYC3WQJX5J	1.0	0.9011916357299281
A2YLFRN0937M3Z	1.0	0.956514337057089
A2YLX8LH24TSPC	1.0	0.9315998258045172
A2YM89FCXPS3NB	1.0	-0.19367873451859371
A2YMLIEWGJGZMQ	1.0	0.6786146490928048
A2YMTZQ00Z2AXR	1.0	0.8943610925372314
A2YMXBT9HZZFLC	1.0	-0.006337926885589449
A2YNL0PAKAQPRQ	1.0	0.9472253042439565
A2YNWK7I1L2I3A	1.0	0.8679914018197625
A2YNZ5R2GBQIJ2	1.0	0.7059882236667495
A2YO5MUQL6DXQT	1.0	0.887604882787473
A2YO6ETTU9RYDU	1.0	0.7639368254582138
A2YOF8BF05Q0QJ	1.0	0.957184574008002
A2YON7WDZVEPDD	1.0	0.9713626473795104
A2YONIC59CB94Y	1.0	0.5111980450421162
A2YOO4CNFXF83V	1.0	0.8018511537478372
A2YOTCU32YUECT	1.0	0.9259959785582289
A2YPI831EUQ1ZU	1.0	0.6746417022492672
A2YPV9J2PWRQHZ	1.0	0.919362268428911
A2YQEN4S22KHRN	1.0	0.762805474856849
A2YQSX6KTPX2OB	1.0	0.9032740199529204
A2YQVWSLS76Q3J	1.0	0.7949990715659896
A2YRBVETHHPGOC	1.0	0.944003148186106
A2YTGD0Z2LSPPJ	1.0	0.9454010047200461
A2YTX0ILS4UTY0	1.0	0.847289127552884
A2YTZ8ZXF4ZSHQ	1.0	0.9318518605399685
A2YUFCDKQPBLLE	1.0	0.8958337438783602
A2YV4LBS43Q0M2	1.0	0.8635240771399348
A2YV9OE0L93N3F	1.0	0.9243858309301067
A2YVHR5OPLMD5M	1.0	0.897894766183359
A2YVQZKJYTAF7	1.0	0.9304558994307808
A2YW2D9WZC1C1D	1.0	0.8723745997064786
A2YW2W4WXU53QL	1.0	0.8106668705433003
A2YXOPWO7POWIT	1.0	0.8050065613465393
A2YXQJ9VSOKWBZ	1.0	0.7492207932216376
A2YXZRHHWQELA	1.0	0.9269376770902844
A2YZS7R46NGB7E	1.0	0.9622549047743335
A2Z0713CNVAIMU	1.0	0.6539488021166161
A2Z0AJ0UX2JFSK	1.0	0.8846232351356728
A2Z0JW8EQ2EBIZ	1.0	0.7146118120298348
A2Z0OIJ038G0TH	1.0	0.9031613474095579
A2Z0PWAOAM13R0	1.0	0.7451578004769596
A2Z0SRQ23TO5G3	1.0	0.9170431537916579
A2Z1HV093Q7S86	1.0	0.7070445296782354
A2Z1PQ0GCR25GU	1.0	0.8616781316645554
A2Z273M0KV2S7Q	1.0	0.9310550567143253
A2Z29OSISZ2SY3	1.0	0.6347868015199992
A2Z2WXFSAE4CVF	1.0	0.678791364785194
A2Z32R0BVF8LPZ	1.0	0.5964990626302766
A2Z4H7PQHDPUWF	1.0	0.8315691767436556
A2Z5DML3JRBBDR	1.0	0.2961340120825904
A2Z5U0TNHVCNJ6	1.0	0.5664078346002205
A2Z6Z5PUCL1WPG	1.0	0.897248670070929
A2Z7AYKNF95AK9	1.0	0.919338486997492
A2Z7LPEYZHQ68O	1.0	0.975946406004304
A2Z842VKO1EUG5	1.0	0.7259140479724112
A2Z84C9WMOWNGI	1.0	0.7017481895564694
A2Z95QCKTH38BF	1.0	0.8748393512930328
A2ZA2XGK148QLY	1.0	0.9549789618868113
A2ZATQUUG47BML	1.0	0.8682367515543442
A2ZB9WQ3MWNWEV	1.0	0.8465800034390136
A2ZBFCZ41AP0DW	1.0	0.9302057689072432
A2ZBHVUAF2QB6Q	1.0	0.5926843392040726
A2ZBV5U1LN2WGO	1.0	0.9516636799439553
A2ZC3DJPQ9NNOP	1.0	0.9294785618101993
A2ZC3MVJHHZE2C	1.0	0.8250926902079007
A2ZC65K528GEJT	1.0	0.8110958699205598
A2ZC8NJH3ZFM4H	1.0	0.8375230593118527
A2ZCXQ5NU5NW1I	1.0	0.9116704351422652
A2ZD5FMXTZ8OPO	1.0	0.9110050173146984
A2ZD6IR3WL7801	1.0	0.9546715498563585
A2ZDZSBXHNF2S	1.0	0.9694741828677816
A2ZE1MKRVQFXBK	1.0	0.9571739347969139
A2ZE40LXZFBCK	1.0	0.893888403089594
A2ZEDHMLC9NBQB	1.0	0.8160875919501037
A2ZEEV1IOW970S	1.0	0.9073353359953439
A2ZEJW2WIHKJPM	1.0	0.841700826884672
A2ZEQO16A8DRRH	1.0	0.866062819105037
A2ZEXIUAKNK5A1	1.0	0.9560398055634873
A2ZFBH44AT15S0	1.0	0.9768737519710279
A2ZFDH3TQ2ZGEU	1.0	0.8026497277431162
A2ZFEHY9NAAWDL	1.0	0.5415105758864809
A2ZFIUMLFGLRS1	1.0	0.7693117823633329
A2ZGG5ICE3WN5A	1.0	0.9108963269030624
A2ZGI9E6771F6I	1.0	0.9773398155100381
A2ZGR3JZJI7FSM	1.0	0.8373630394553937
A2ZGTMLOP9K7CN	1.0	0.8135912196938859
A2ZIHTWL663Z37	1.0	0.9560795591778147
A2ZJCWFOMEZVED	1.0	0.9122532361015183
A2ZK4WK12AHF20	1.0	0.9018937596667832
A2ZKJA509BT4FN	1.0	0.9098877886872073
A2ZKJVT3ZI97UK	1.0	0.8846728999105964
A2ZL07Y7FE7W3S	1.0	0.8782076871752947
A2ZL49KKJ1DZKF	1.0	0.6318240148854779
A2ZL9TG2GMKUBP	1.0	0.9695960924083458
A2ZL9ZF0BFZEFL	1.0	0.8062088143048297
A2ZLODE64JGZ24	1.0	0.9319205305299993
A2ZLSOA4XP6A9Z	1.0	0.9066407727085888
A2ZLTRRBIR0DC6	1.0	0.9492010573709937
A2ZM2SPNQA2QBZ	1.0	0.8610149031614664
A2ZMSGTCOKKFEI	1.0	0.9604675791428081
A2ZN87SZ3M5DQ3	1.0	0.8957511935976622
A2ZNIK37X4LPBE	1.0	0.842100492870773
A2ZNNL33ULQ7VV	1.0	0.6362926405011434
A2ZNY0WUEVKJSS	1.0	0.8792622470519095
A2ZO5YZMG0BYSO	1.0	0.8909361496476031
A2ZOCRZH6FZTNW	1.0	0.9625861151915145
A2ZP15Q1AN5P3H	1.0	0.918097529469366
A2ZRDRQ53J6KPP	1.0	0.837614686492343
A2ZS2F9GZPKL5R	1.0	0.8069608159748947
A2ZS7LZ4J30B9U	1.0	0.8882139400978022
A2ZT4LD1PFNZJX	1.0	0.7262430800834442
A2ZTFPWOPNNHTW	1.0	0.821052467026052
A2ZTN972YOFHRM	1.0	0.7384740702921618
A2ZTTO3XASC667	1.0	0.8581428228579956
A2ZU18U7GQFDWL	1.0	0.9549627595388209
A2ZUJ870L3JAIE	1.0	0.8639491762575795
A2ZUQL7EZT2LTK	1.0	0.8540072854923713
A2ZUX9R96VMETZ	1.0	0.6391904612918158
A2ZV0UGTDALZKP	1.0	0.9260422783995865
A2ZV2PBRFBSLC8	1.0	0.9691035568079179
A2ZV4HHJE8G5S8	1.0	0.9390062980654972
A2ZVA0S1SD7HDX	1.0	0.9753158894652296
A2ZVB7VWCR7NZC	1.0	0.7487537113847439
A2ZVJ63VUZ7NMY	1.0	0.9625861151915145
A2ZVOR43W5VP67	1.0	0.9515964369509146
A2ZVVQNTDT54KF	1.0	0.9505976566773398
A2ZWAR6WWUR5SU	1.0	0.8560058036676148
A2ZWNLSB3X3US0	1.0	0.9461876382502036
A2ZWVFKKMQKV2N	1.0	0.8206115266767723
A2ZX31T1YQPVU1	1.0	0.8912397535679342
A2ZX4D10J0OG26	1.0	0.9397328323160268
A2ZXMHRQ9KIZCN	1.0	0.8368778181804228
A2ZYCPWVZ779CY	1.0	0.9005274159600514
A2ZYKWGXKU35MT	1.0	0.32928142301221114
A2ZYQVZQHUWVKE	1.0	0.634064721319107
A2ZZRUNKFG0LNX	1.0	0.8035396634399984
A2ZZWOWUV0FO2B	1.0	0.8108092011157791
A300G4KPPMZF2A	1.0	0.6078709618586855
A300GMVCM24VLB	1.0	0.5624774455344516
A300JMW5AMQ4UR	1.0	0.9455130557834921
A301GNC1CMSOAW	1.0	0.8264332241337702
A301H283H4VVYT	1.0	0.9460550416258416
A3021A8OUQRMAF	1.0	0.5394167331450084
A30325K21VI4J5	1.0	0.936748126628493
A303RCTW7WAUO1	1.0	0.9501672041841446
A303RWFBTTK8FX	1.0	0.8639206901080855
A303ZDMZ79VR0X	1.0	0.8984617236795693
A30406MNFLGSEF	1.0	0.83725386483224
A30488Q20KGIPE	1.0	0.7367159810533447
A3055Q1NLH9BT3	1.0	0.9184463824498086
A305STYPQONHIY	1.0	0.7545526940366231
A306GCRD532VOW	1.0	0.7486239104423908
A306KW7LK6ZOPB	1.0	0.953183402140181
A30717QFCNYYS	1.0	0.9768306072624524
A3071XW1QAP70K	1.0	0.9762805474856849
A3072GQGX9M1QI	1.0	0.42040866983689906
A307GXVJP0H05Q	1.0	0.9242075723625737
A307KRGS93AWUV	1.0	0.7908190075681147
A307SOXS9WP4GI	1.0	0.8593105759688153
A308AE3L69FLHX	1.0	0.9520895829699672
A308B7MDLNVAKW	1.0	0.8456555156812051
A308FKG902FORZ	1.0	0.9043764723841322
A308GNL8N10CKN	1.0	0.9514325676172591
A3093X1KMWI5MI	1.0	0.9236557576189931
A309IBLJ7RKFDM	1.0	0.6844937341856027
A309IF65QXZU3O	1.0	0.9430755269151432
A309NH085S309H	1.0	0.9881402737428424
A30A2OT1RSESWL	1.0	0.8858390616538017
A30A8SQ40LP4J9	1.0	0.9146775922427012
A30AK12YSTRA0Q	1.0	0.778861615595348
A30AMC5XYOTULR	1.0	0.9637149649088105
A30ASYQR5U4QG5	1.0	0.792730872469494
A30B1TAXFA2RRQ	1.0	0.8733526537898402
A30BNNI1U9FCIV	1.0	0.8905830603061521
A30BOVMHHGDSX0	1.0	0.5555621693671332
A30BPEIRG7GB2V	1.0	0.7909694238963273
A30C2ZPWDLE5NV	1.0	0.3176425882225282
A30C4HNZBZYDI2	1.0	0.8895854578742663
A30CSS8AA9UC3F	1.0	0.7276993461048655
A30CW9VF0S5FKX	1.0	0.8862765103764537
A30D45N1U37S3N	1.0	0.9291254724687483
A30DDOPIS2P34P	1.0	0.9295880363771694
A30DP5W852UJJ2	1.0	0.8274697055941602
A30E95X1ZO6FCR	1.0	0.9477030530408492
A30EDOSDVTRXJ1	1.0	0.8419784013170094
A30EDYRZD5GMLC	1.0	0.5062046071703896
A30F000R844T8H	1.0	0.7886887549343989
A30F6UDO72VG62	1.0	0.7740817916759073
A30F9A8040AJJ1	1.0	0.9700934126585695
A30FB80OOH986W	1.0	0.9773398155100381
A30FSHUAG5XUC0	1.0	0.8109585437737161
A30FU18TZSL8JS	1.0	0.9694333313385998
A30G4BROKASV0E	1.0	0.9580736883555829
A30G8SGUPL9XLE	1.0	0.8083336725867672
A30GU04WKDRE2I	1.0	0.8821629852826527
A30GWY7V57ZN34	1.0	0.9802337895714041
A30H2335OM7RD6	1.0	0.9515086779028279
A30I63XCPH0S41	1.0	0.6955125312561052
A30IUH4AC21ISL	1.0	0.9109475277935281
A30IX3XTNX1DIJ	1.0	0.7509996242110946
A30JG1O6BD9XBQ	1.0	0.8976629418997225
A30KBPRPZYP1XJ	1.0	0.898473596720921
A30KDEBOJ24FGG	1.0	0.5067183934721308
A30KL8L2ILYTU0	1.0	0.923172218395964
A30KM0SZDX7IGY	1.0	0.8950833585601856
A30KSOJ4FGDNLQ	1.0	0.830387103459451
A30KYW52YGWP2U	1.0	0.7244399842918177
A30LF7UQW7V7ME	1.0	0.807437893218887
A30LMSJ6IB1396	1.0	0.7477600537597391
A30M5OGVWABAXD	1.0	0.7509967756552607
A30M6RWC03MCY2	1.0	0.9604675791428081
A30MN2DECWSR37	1.0	0.950839231135182
A30N3X56DAZ7W5	1.0	0.9424509213654596
A30NWCRWU3R9TR	1.0	0.922287477886032
A30O78ME1LA6GI	1.0	0.9762805474856849
A30OFW96VX5YHV	1.0	0.7408848044816878
A30PQ0X9PAHPOY	1.0	0.9093133424389716
A30PW9CPT5IOJ5	1.0	0.5165609949919827
A30Q1PK948KFZA	1.0	0.7897670545603246
A30Q3IB2LYWZXJ	1.0	0.9658212520544376
A30QGCSBD37MFR	1.0	0.8981322812014434
A30QPTW3XXDBB1	1.0	0.573424593041799
A30R2TP9T3K9YB	1.0	0.9689672677995895
A30R44LP6U24T0	1.0	0.7814778239793372
A30RI0AJ4CQBU1	1.0	0.91588042080495
A30TALKCA3L0VK	1.0	0.935263148300744
A30TCO1ZYJPER0	1.0	0.603664517185207
A30U7DJXOGR9J8	1.0	0.8808418700977009
A30UAA4DRGLBA7	1.0	0.8760561962930559
A30UZ4M6ISPY7P	1.0	0.6764907026886121
A30VCPN3ZS8PIZ	1.0	0.9296762471164579
A30VXZ470KOEG2	1.0	0.7950936815698875
A30W3H5BFGQDGC	1.0	0.9624573829344973
A30W69EBQKP7NO	1.0	0.9391497911959442
A30WD3AU7JGJ89	1.0	0.6280658135400059
A30WL9JI8EJ6LV	1.0	0.9438924312191681
A30WSUCAW613XB	1.0	0.5406408262837051
A30XJBEAGP5L4E	1.0	0.8414920225662964
A30YPQCCBBX39M	1.0	0.8064197750878362
A30Z49JHQ2SOBL	1.0	0.623039183016964
A30ZBBZLBIF2N7	1.0	0.8949586510630799
A30ZHC0AUR04LF	1.0	0.9773398155100381
A30ZPGXVDTKQK3	1.0	0.6594141844170919
A30ZTKNOZV9OZ0	1.0	0.6510538061286975
A3106P8ARRS8OW	1.0	0.7934915575977629
A310J5FVSTP9IA	1.0	0.9340114975990884
A310KT1UQC5UNU	1.0	0.8762937467735656
A310LOY6HZOEI2	1.0	0.9445853514701739
A310MW8ZQ43WD6	1.0	0.8313256526536998
A310MXGFV4RIK0	1.0	0.9384629321521323
A311385Y3QVWC3	1.0	0.7043677729286023
A311PF9W699BHQ	1.0	0.9278249462644886
A311Q82GNUAGR	1.0	0.8456879036890032
A311W1X88ZRTW2	1.0	0.9654800892528805
A311XNVMNZHKM8	1.0	0.7870458055061402
A311Y7B3N0IUN2	1.0	0.14602675747132843
A312Y5YE9UB7T4	1.0	0.8429824166364465
A313P6JGZIMS6S	1.0	0.9374633042999226
A313UTP6F3Q5LN	1.0	0.28179736449072473
A314KKDIJWCNMV	1.0	0.45893637831690526
A314S6XWC9ESK9	1.0	0.9374164147123017
A315G3NT74K8E8	1.0	0.9571262280992784
A3160JI7JSH0U4	1.0	0.7552892236911937
A317AIC73XF0U4	1.0	0.9169819161998971
A317KS1DWCN4WY	1.0	0.6247896859657869
A317KZKXWBY35U	1.0	0.9531542994567128
A317W1IN39ZOQP	1.0	0.7403738239940062
A318FI609EA55I	1.0	0.7378189763289081
A318J78BOZ1PMP	1.0	0.6844389876208068
A318TH1Y9W9GOB	1.0	0.777107836708313
A3196Y9QAEAQLJ	1.0	0.759169394699138
A319APCDCJWAP6	1.0	0.8123017566373577
A31ADK6SNYI63H	1.0	0.9482164047772081
A31BPVQYTPO34Y	1.0	0.8484942333983496
A31BTPHCQCE8WB	1.0	0.7836566670497347
A31C04RT5B3UVZ	1.0	0.875207778232397
A31CEWKUNKCOR9	1.0	0.7242336705637724
A31CKAT5L53VRA	1.0	0.7669460926364918
A31CP63BILVWG0	1.0	0.6780925827687159
A31CY9B48VUQIQ	1.0	0.936794290913115
A31D7TELF0NO55	1.0	0.9530306732409887
A31DJFJD6Q5Q9N	1.0	0.9209351582856163
A31F136V684TZK	1.0	0.6558731126804526
A31F7XAEJQQHPS	1.0	0.8127922422355577
A31FGPENNT4A3Q	1.0	0.917014880499525
A31GGAGO7UVTZC	1.0	0.9755560046091216
A31GRFB2C5O2JG	1.0	0.9632204480357162
A31GTM50OYHP0B	1.0	0.853804086954719
A31H1N6RREU2T5	1.0	0.9668386881439689
A31H97NKWKXZ4K	1.0	0.7734448282473282
A31HAFEPOAR7ZS	1.0	0.8942348619135262
A31I586S4MZN4I	1.0	0.9231099380743503
A31I5YKPPZCCEQ	1.0	0.8878946855956549
A31IF5TD2TMSH3	1.0	0.9497644643564088
A31II2Q5AZA1TF	1.0	0.9350564069747334
A31ISWUODTNL7K	1.0	0.9035137682217808
A31J9510MMFH7W	1.0	0.9180411842242504
A31K5W6NWK68OA	1.0	0.7686522910040945
A31KALB48NW7L8	1.0	0.8894977924690185
A31KMTT757DPCQ	1.0	-0.17559445652563246
A31KNG5GC9CPZV	1.0	0.9703979893590551
A31KX65CTSOEWL	1.0	0.9637149649088105
A31L4FMN8FK96L	1.0	0.7077003693471102
A31LOO95KMAR78	1.0	0.9225839653985002
A31MGRUBMNV504	1.0	0.9026334141069318
A31MRFT6HG5RZ1	1.0	0.8311323874091888
A31MXW79N2UKRO	1.0	0.5974695830326117
A31N0XY2UTB25C	1.0	0.907523118247246
A31NK65672UL9N	1.0	0.8605544458398654
A31NUWJUZS8W7R	1.0	0.8142024826372132
A31OUX7HUHQ4UL	1.0	0.9162064781872375
A31P6S3V8CFLV1	1.0	0.9871756157223872
A31PD38WC2NUYL	1.0	0.8347142006995378
A31PIJ5RT73ZZ6	1.0	0.7317037837563071
A31PYWT67U3A93	1.0	0.8224182761215993
A31QJN85DGEUCX	1.0	0.8715328149629561
A31QQPKAC0WFCZ	1.0	0.7995983146132413
A31R007CBDGN95	1.0	0.9768306072624524
A31R8PKOLRYI5I	1.0	0.9502580322159533
A31RA0JII7TPFH	1.0	0.8698268411829605
A31RCF4UAAZK65	1.0	0.7896820097679789
A31RFIWHANV28O	1.0	0.9281170995804914
A31RKOWXBYYI7S	1.0	0.9450327359022176
A31RM9VWJ8URCE	1.0	0.6058047255460746
A31RT0OKE2ZCDM	1.0	0.7647100977707754
A31S0SQO8CSG83	1.0	0.6002060882505906
A31SDUROBOBUCR	1.0	0.9581772449578341
A31U2QT7SAL7K	1.0	0.8011951237867477
A31U9P0JFTW55H	1.0	0.7789754789667981
A31UFA8DTI5R59	1.0	0.8872274342305824
A31V1CWQ8TM4MK	1.0	0.9388008843529483
A31VH37CWG38JE	1.0	0.6143065612581855
A31W3ZPQSCDYL9	1.0	0.7934436593903029
A31W6MJD47E0IE	1.0	0.2406755471297433
A31WD1UQWI9O3I	1.0	0.9343732301692215
A31WEFMK4WJCJ4	1.0	0.8488381222715012
A31X4VZA11Y071	1.0	0.5652008646118339
A31XO67HMCLG3F	1.0	0.955461919988547
A31XZT33QJISGE	1.0	0.9399259307015526
A31YBZ49E8KM0N	1.0	0.9615268471671614
A31YKE7KJGMAW6	1.0	0.9482806725677551
A31YTLNTI9C6U0	1.0	0.83290151167747
A31Z1P0716EVID	1.0	0.9807838493481716
A31ZFF8C0782KE	1.0	0.8983158253248363
A31ZP37Q7R5R5Y	1.0	0.8047985583338956
A31ZPG0TJOR989	1.0	0.7796139100359967
A31ZWJD8GKYFJI	1.0	0.9377434419025729
A31ZZEJZTIE8VM	1.0	0.8717880181500035
A320UHVVRL41LM	1.0	0.7127378677970695
A3211X76DK0WH6	1.0	0.8478298860062987
A3220MZYZ4FYI	1.0	0.8714008735894039
A322AWRXJ7CXJD	1.0	0.8686277642568403
A322IQTUYADQ9	1.0	0.8103542770283473
A322PUJT7DF4SM	1.0	0.9221706533975972
A3230AK7THTZUV	1.0	0.8084991465462785
A323IU6KPUTW	1.0	0.9183906510087538
A323M8GQNFIOM3	1.0	0.6745215491382993
A323ZWDT422NIY	1.0	0.9423515480445149
A324634GJFACHZ	1.0	0.9254859020702033
A324A25PC1DFMF	1.0	0.9626315618652183
A324CD2S947JVB	1.0	0.9255253197244802
A324FB6J77A69O	1.0	0.4477633106194199
A324G7JXU9Y57G	1.0	0.6948265440272744
A325AMQ5AJYQXP	1.0	0.7999361883533872
A325AP7E3VKNT	1.0	0.7397889462563335
A325MODT9B090	1.0	0.9553858097029783
A326KDJ78YJBEY	1.0	0.8224342816344511
A326QMT55QPCKN	1.0	0.7993590640898696
A326WLRY0P9FBV	1.0	0.7890828052688925
A327QEU0UC42PY	1.0	0.8905671125494825
A328CQQ6SGISUX	1.0	0.9144410314799822
A328S9RN3U5M68	1.0	0.7961286944788952
A328UXDFQBY6PO	1.0	0.7909874021071198
A3291UAMPXL6SE	1.0	0.9446546107999314
A329KIK5JI28XK	1.0	0.680693959199954
A329PQ0WJOIZL5	1.0	0.8597656223936783
A32A4RALKW9BE1	1.0	0.7950581294678195
A32ALR8YAWFB4O	1.0	0.8971015292956439
A32AQIUK05QFQZ	1.0	0.9704854558667625
A32B7CWFZABOUK	1.0	0.9049152158248208
A32BM1CZ627MVJ	1.0	0.8463589466909162
A32BOOHAFN4TBC	1.0	0.9471890384775254
A32C4HRTZ6QO3Y	1.0	0.9270455445143815
A32CCSLZMFN020	1.0	0.7805625599086815
A32D2UGOVE62X6	1.0	0.9416794207065651
A32D6ZUQJJ88ZL	1.0	0.795594701987748
A32E1NUPO0X6P7	1.0	0.6006015695061491
A32E5AVCDQI8DH	1.0	0.9589859624472464
A32EF8CKB8RSRT	1.0	0.6891130252866522
A32EWRWZGMDH1U	1.0	0.7168914950349025
A32EZCRICSFPBC	1.0	0.824522158692421
A32F3HY66A5QTW	1.0	0.9446875750995591
A32F6WSNTXE0OH	1.0	0.9487024628895484
A32FHEFS04SLJM	1.0	0.6329559114498198
A32FRMUU2RQ3ZA	1.0	0.9615676986963433
A32G14BG7OZSBM	1.0	0.5512392749918325
A32GBJTQF0CNXP	1.0	0.9812221000928338
A32GF9L4D8GA90	1.0	0.8360532536539063
A32GZ6HAGX0UMU	1.0	0.7540095507802023
A32HMOZVKF25A	1.0	0.6426874943376678
A32HSUK2KKQ0I9	1.0	0.552440438143202
A32I21ZOSD1N7F	1.0	0.7845280633435203
A32I4FY0P5ZJZT	1.0	0.7909771595590472
A32IGMXDUGSTIC	1.0	0.40466324964980155
A32IP0K8952NGU	1.0	0.9389795048780244
A32ISCSG3R8GWX	1.0	0.7262430800834442
A32JDWEPA9XTOC	1.0	0.7197858191602381
A32JO1FLE8KF05	1.0	0.8149943475486674
A32JXG7CMQWX0F	1.0	0.44582531739167347
A32KLN2X749ZAL	1.0	0.518553259252416
A32KSS484E2CN5	1.0	0.851223487189005
A32KSX0E7YOUTK	1.0	0.9227006049928717
A32L0SEOWN1FLV	1.0	0.9522350200814
A32L4XEPPXTW1E	1.0	0.9689672677995895
A32LR27V9CW2IA	1.0	0.925914510241767
A32LR5QR5ORFXW	1.0	0.9476204490902009
A32LSPOPWRBL62	1.0	0.9354090708725208
A32LZ75SXQOMPE	1.0	0.7938854895183998
A32M0IK94FKJL6	1.0	0.7920701512170698
A32N2D0EVKZ39M	1.0	0.9296681782767225
A32OJGT2ZFQDJ8	1.0	0.9078724888265773
A32ONO7PCDR8SL	1.0	0.8066781809622399
A32ORGD6KLKM9N	1.0	0.9232463741319326
A32ORXSMCUQSXU	1.0	0.9553619566231905
A32P5MZMAP44RX	1.0	0.9549048267500143
A32Q026HKATFLU	1.0	0.7795871172814715
A32QAKCTJKR5F1	1.0	0.9805868789128551
A32QOPWZZLCDY	1.0	0.8032031416107867
A32QUVO0DK7DVI	1.0	0.9661873174887136
A32R2880NCFLGR	1.0	0.8170515306322028
A32R4W58VNGVAR	1.0	0.9743039264428253
A32RFXJLOMEGSE	1.0	0.7491870945850997
A32S9D7D0C6QIR	1.0	0.7970028604884819
A32SGKN9V2ZFFK	1.0	0.8210360535254132
A32SJM5GPNG5QL	1.0	0.9141150163068682
A32T2H8150OJLU	1.0	0.8474826706193908
A32TGHD77OX43A	1.0	0.9414381127550462
A32UBE3JN85V19	1.0	0.7878509109758232
A32UIJMKOQDYI6	1.0	0.983222373636668
A32UZE5D7LPH8L	1.0	0.8830609817567426
A32V5AY2ET5LZ5	1.0	0.9406321093844546
A32VFN0E3238Z0	1.0	0.9404998987804913
A32VJW1XL9P3Q1	1.0	0.956514337057089
A32VMU0SB8DMIJ	1.0	0.9053367606246756
A32W8WR1QHAOP6	1.0	0.8115260067767008
A32WN2CIA4LO9H	1.0	0.8711963680330406
A32WNX1QWF08VG	1.0	0.9723273053999657
A32WSG4H0EFZHO	1.0	0.617750740911566
A32WYNH2TG3ZUS	1.0	0.7345492283912322
A32XF14LIACEI9	1.0	0.7030627274988489
A32XSKO7TOI0BH	1.0	0.8846460941357717
A32YPSKMGSZMEL	1.0	0.7537622800495106
A32YVZCSSAM6PJ	1.0	0.8801948872093862
A32ZYJNK719BY5	1.0	0.8433358854671648
A330HINIBZO38G	1.0	0.7733057612350734
A330NZIMHN1327	1.0	0.8583341239484601
A331J6ICZHOH4B	1.0	0.9076263462753322
A331QX2I0PD1N4	1.0	0.8025662209739526
A331U4RTWRBO8V	1.0	0.9701613889457719
A331YVEBEB2Q04	1.0	0.7853419957368875
A331ZUPRPHE5D0	1.0	0.5394760980730646
A3334SLC7GUL70	1.0	0.9662081468600526
A333Q4CU1XMIGT	1.0	0.8236513165024644
A333TKE5KYTW0Z	1.0	0.9476378506916445
A333YVE1TZ35GO	1.0	0.6401667747196258
A3340W1BHRQFRI	1.0	0.9697744941401568
A3348QO3O4N9DJ	1.0	0.8600382580825695
A334AQ7XHTCYLU	1.0	0.9480871829330683
A334PU2IBXEQD5	1.0	0.8847697615092797
A334VFGDCLYXI9	1.0	0.7167853048482926
A334VYSWKUZMGQ	1.0	0.8154159874113537
A3359P76C0N5B6	1.0	0.8493133130855158
A335GY54CQ42V9	1.0	0.8618661353198785
A33707OOD4OBJY	1.0	0.8408889663282529
A3370ZNMP6M4DV	1.0	0.891742384253323
A3374Z04IJ8R5O	1.0	0.9101247102401971
A3376LC0MCM58N	1.0	0.9095086279770033
A33775AIB1A664	1.0	0.9518722930842732
A337I8DL86YPKA	1.0	0.7119584027398907
A338LA8MHEWLM8	1.0	0.8247210428849727
A338M1E0MGIMEW	1.0	0.6874990493662061
A338QCYEC4BATW	1.0	0.9377384707881591
A3396GPI82T724	1.0	0.9062013288196915
A339HAK9XEKW1M	1.0	0.8115874779215259
A339KUQXVYTW00	1.0	0.8390388715806272
A33A8N3L9D8SCE	1.0	0.9221589403699952
A33AFLV67SOHH4	1.0	0.9336285219442468
A33AWCA5YCPEU1	1.0	0.9557388990444293
A33BAMXAOV1W8Y	1.0	0.9502580322159533
A33BCKBRJHSCE6	1.0	0.6880810175297581
A33C0ZUVXJ5WQM	1.0	0.7808851217811603
A33C2R7CU1WG36	1.0	0.9841870316571233
A33DBPOJ53OLK	1.0	0.9167535608708757
A33EIZD6GMJ1WL	1.0	0.8921628423518314
A33ES9OCVKVWO8	1.0	0.7633889612661597
A33EVJELK0U6SA	1.0	0.9202397180925211
A33F5IFRHNSYP8	1.0	0.5812580525215613
A33FCZANJ9BWS7	1.0	0.8776388098002667
A33FIU4CC9SH7P	1.0	0.785698119259043
A33FKGYG0SWDJM	1.0	0.7242191540386356
A33FR1GWRP4QX3	1.0	0.5883588374089056
A33G5NB3THTY6G	1.0	0.8926909552764011
A33GSSUQMQJIY6	1.0	0.5623711382040368
A33H2FCAJE6W8K	1.0	0.7151114398676176
A33HFLXG4N9NZ4	1.0	0.9644208212285273
A33HHL9IUCK2C	1.0	0.6105563999111975
A33HR4SW1A1CK6	1.0	0.9610176389195757
A33HU7I7P8M7AX	1.0	0.9723273053999657
A33I0CDIG4WHLS	1.0	0.8501705730199574
A33I38GJB8OYVY	1.0	0.9113831880849609
A33I6UDTZCZQAF	1.0	0.8654777217284405
A33J61NHIEW31F	1.0	0.8480391252494175
A33J7OJW4JTJQY	1.0	0.9755560046091216
A33KIWKJ0VFVEH	1.0	0.671599533781459
A33KJQPK70VQLH	1.0	0.9723273053999657
A33KSWZU6E7TMU	1.0	0.9074647078091373
A33L52W8DVXI5F	1.0	0.923172218395964
A33LBTRTH6XOLE	1.0	0.6928382167182419
A33M07VZBYRMPY	1.0	0.9341379825788205
A33M6VWSV2OTO	1.0	0.8114399806506352
A33MA898S3PKLL	1.0	0.9479203595481124
A33MSGR68V0TJ0	1.0	0.5864233410618512
A33N3L7J9C2O6J	1.0	0.9202589498242273
A33NQ4KDZ1VGT	1.0	0.8880092848878258
A33NQYGEJU76Q8	1.0	0.7717871983461946
A33NSP1JHALONH	1.0	0.9418552467424632
A33O2PSUGVSTYX	1.0	0.8439335489047398
A33OKS9H5YTMVO	1.0	0.7840452820223477
A33OYQAIEGW30W	1.0	0.7297739734979548
A33P7PH280QE2K	1.0	0.9583924543065334
A33PAYA8PBZD7H	1.0	0.6932816313491438
A33PNAQ33DGBJG	1.0	0.9286720406340753
A33QL7Y8Y9SQSI	1.0	0.8940851809826525
A33QXVH2QFGI6X	1.0	0.8814027374284245
A33R1ND1P7S66I	1.0	0.6379008698803207
A33RGEY4AJ0RVI	1.0	0.8866188524736344
A33RII6U1H9EV9	1.0	0.8584017344293687
A33RL9H0EUCKVD	1.0	0.9753158894652296
A33SOVK7V6F1LU	1.0	0.8073556400307554
A33TILZ9TU17ZH	1.0	0.6648508539147597
A33TRNCQK4IUO7	1.0	0.9514325676172591
A33UBKJLLXGG7Q	1.0	0.9392825543060871
A33UUT7UOAF5PY	1.0	0.950618535273007
A33V6E6D7XPPUL	1.0	0.9699192814735549
A33VHROP85M6WN	1.0	0.7904781694568833
A33WIO5POD7NTE	1.0	0.7890556303420388
A33WLDTBH4HMIF	1.0	0.7647300915584011
A33WRKQCQ2R9JJ	1.0	0.881898838212448
A33X7Y9Z3VPQ54	1.0	0.9582797837643443
A33X8R73E8265Y	1.0	0.9361093122628623
A33X8ZM9SGM2EU	1.0	0.9630020068204022
A33XBSHOZNMKPG	1.0	0.9054752792841906
A33XVI31O4U4GQ	1.0	0.5861059697612622
A33Y6WFHLVU45T	1.0	0.3987685834447214
A33Y9VYO68ZK3B	1.0	0.9108795690833481
A33YLBIQDCBCY0	1.0	0.8337406464020708
A33YOSDFCJ8W0T	1.0	0.9728773651767333
A33YP41PYX3WDQ	1.0	0.819391130366207
A33Z8XJJ9KWEYY	1.0	0.8302718678420141
A33ZJUEUBQQQT8	1.0	0.9410909675496957
A340161M66E2RY	1.0	0.8699403320176816
A340M6DUC7BSBM	1.0	0.9246613319797232
A342BJ0QSMRKTW	1.0	0.8769271028321775
A343264GQDQ8Z0	1.0	0.8189817322745654
A3433F40URV9T5	1.0	0.6121307715635391
A3436M5ZBD1OS4	1.0	0.9779364070906696
A343AQ1EV79HXH	1.0	0.8586805808192982
A343CR4VYJ0FCQ	1.0	0.803386738034585
A343D7ZRR3XOZD	1.0	0.8930811356282349
A343RU4APYYS1V	1.0	0.8441983211951656
A344BMJP6A5KL1	1.0	0.8395610560074762
A34524LFZB79ZH	1.0	0.8434598437908838
A345UXCQ4ESQJN	1.0	0.6634816644943852
A3464G00K8ZYD1	1.0	0.9531228078197607
A3468N8CS1NH3T	1.0	0.9404675385578506
A346Z5D3988CD9	1.0	0.5793757803146864
A3471M3LYN8MVQ	1.0	0.8865883912694695
A347TCNLYISMEX	1.0	0.7026432187594978
A348DUKA406IFA	1.0	0.965415723124372
A348ENGL53HQGJ	1.0	0.5888257071222512
A348GYLVPWT8AK	1.0	0.7810469351072934
A348TB0NWDVHYT	1.0	0.9542112743016725
A34966E1Z1JR2D	1.0	0.7277364231249164
A34A0CUAGJYLAW	1.0	0.7403026220164866
A34AL4DFGTRFBC	1.0	0.8965348777625394
A34BXZSK2EZJ8B	1.0	0.9580600721298789
A34C3KJTPO159F	1.0	0.4882584580778542
A34C451H7NK6Y	1.0	0.42798978448366265
A34CZSRQZHZ6AF	1.0	0.9611458482540294
A34DLIOCFDYRKU	1.0	0.8128524255099018
A34DR583EV8ABR	1.0	0.8301482107999602
A34DUI0BBZWX4H	1.0	0.9510257198010922
A34F79K1Z29OAF	1.0	0.9478456733048873
A34FC9U38LD1NK	1.0	0.8259535328026499
A34FCBJ1359Z68	1.0	0.9463588302467147
A34FHSLW1NOUJB	1.0	0.776251378605665
A34FSQBOIAS8AG	1.0	0.9424101008260203
A34GAJBZQW6IT7	1.0	0.8802826854809077
A34GXRESVD4ZXX	1.0	0.8825245345235382
A34H69JSIXMG6Z	1.0	0.24290943204022478
A34HOZUIESQ72S	1.0	0.5188237164983407
A34HYQ9BQZPE78	1.0	0.8861061084811284
A34IBZYHGIIFZA	1.0	0.7316942931130704
A34ICOY8XODXQ	1.0	0.8757452863968476
A34ITQ1H0KPLRP	1.0	0.9333989154857415
A34KC9EY3ZQ5T8	1.0	0.8438087633617714
A34L8GNCYWADND	1.0	0.8226913872780619
A34LICS5ZBM0QB	1.0	0.9486078528856506
A34MVXPN4JIBRB	1.0	0.6793089444538509
A34NAS2D13X1X2	1.0	0.6985951422938937
A34NMWZ7KD5K93	1.0	0.8818753796368148
A34NSDG0KZWP6U	1.0	0.8644711882619386
A34O018270QFO1	1.0	0.8389216631202734
A34O0PM5ZQ5WQ1	1.0	0.8850572609789242
A34P9FW14SAGXF	1.0	0.926623767989108
A34QG0XEVSBIIH	1.0	0.8821743565500707
A34QSR565YFJIF	1.0	0.960253954109476
A34QST6WVAB8UR	1.0	0.8667195858923991
A34QYH6FZXWD93	1.0	0.9728773651767333
A34RDL5FF685KF	1.0	0.9227378218705574
A34REHZVFJGRQD	1.0	0.9841870316571233
A34RKOWXPYA4DU	1.0	0.8522686238262501
A34RO7EAZ5C5FH	1.0	0.7797537632464999
A34T5HP128ADFR	1.0	0.8661574291089349
A34T6YPZFUTS8H	1.0	0.9094301383760324
A34TDUZPSJDRVJ	1.0	0.9689672677995895
A34TZ9Z6DEXZZH	1.0	0.6940100174277755
A34U6O6ZYPJ8RD	1.0	0.9105131400684034
A34UEVYJIBAZ	1.0	0.9066569318635355
A34UTNSRNF2AYB	1.0	0.9492925097450367
A34UU7KFSEU4Y3	1.0	0.9694333313385998
A34V7XN5HCBZ9W	1.0	0.9191483333666259
A34VCCL1YO6D0I	1.0	0.8973919510758998
A34VUT6UEZL96V	1.0	0.8926767528570451
A34W2RBDIM9PZK	1.0	0.976986726168587
A34WIF4B9G3QX9	1.0	0.74683114700809
A34X60MWUOM9PV	1.0	0.823664414776219
A34X9CNCIXWI7L	1.0	0.8238349609600787
A34XHQKFS1P52U	1.0	0.9300935846048191
A34XLJ6JF20K3A	1.0	0.9414696235899066
A34XTGCCP52L5H	1.0	0.583990212260944
A34Y1FT0MTD7C9	1.0	0.855687681692635
A34Y7FLP1ENSGH	1.0	0.8955292033365647
A34YKHOG6DGIXW	1.0	0.8045417308440388
A34YPQZD4YDL8A	1.0	0.5473260733593285
A34ZED9W06OMQ4	1.0	0.859786096133363
A350PPBQZQPOTV	1.0	0.9066050250505532
A351338QZ9X5OW	1.0	0.910341225039707
A3517ZARRIYD1G	1.0	0.7468279308307738
A351NWUS68551R	1.0	0.8627788342408539
A351S86NA2GM66	1.0	0.9153361897111896
A3536QG5D27HMM	1.0	0.8259457118357807
A353ELX5S8XB8	1.0	0.779308376492434
A3540L4EV0T3BW	1.0	0.8564065050865279
A3543UNBIT48E3	1.0	0.8403048339705278
A354FGSCYXYWPE	1.0	0.9140879421385312
A35557JNWUBLQ1	1.0	0.730934815033309
A3560NGKTVE0BG	1.0	0.7068830572796453
A3566GLKX96J2M	1.0	0.7594273005721094
A356GY86LIPUWD	1.0	0.5712017604902996
A356KPBMJMQL0N	1.0	0.7188521421581692
A356RFKNIG043B	1.0	0.8750251076478127
A356X26TH0GS9X	1.0	0.6465650632669975
A357H3Y4DBHFJ7	1.0	0.934847642267229
A357SWZ1O4MFRS	1.0	0.8001153934447208
A358804PS62QT5	1.0	0.6540361596974616
A358AZ20WPULEQ	1.0	0.8112857535949727
A359HMNITBHU7K	1.0	0.8560537254067276
A359IP7G1T6UY4	1.0	0.6407614035553174
A359KUDFNMEGH9	1.0	0.8072317277026243
A35A50LZKY0Q3F	1.0	0.9048282931344068
A35AM4MZ12PTW7	1.0	0.7351670132358142
A35B7K1WMWWT6A	1.0	0.9845401209985744
A35BEUBFS7UXGA	1.0	0.7127306411962913
A35BFIFPA9T8QC	1.0	0.9773398155100381
A35BX1V2EED539	1.0	0.8588050820092231
A35C0K8CL5U3SH	1.0	0.9116510703399849
A35CHV6Z75D672	1.0	0.8178659471068351
A35CI9B21VCKP4	1.0	0.9659801725270213
A35CLPGF7B7LT1	1.0	0.9733222072958103
A35D089RHI6J5W	1.0	0.6735485767463214
A35DFBUR688G8P	1.0	0.5687204750363914
A35DGPQNKM53GI	1.0	0.8190749196919342
A35DJ057D6HD8W	1.0	0.6310508581190063
A35DNVCVAFTT6W	1.0	0.6258334241199641
A35DPYDUGQM221	1.0	0.9805868789128551
A35DTWXW9DO8L0	1.0	0.6519390834881276
A35E40TASSA8CJ	1.0	0.75399371180576
A35EIZ0JS0DNOC	1.0	0.8014451054424588
A35FNHQCMAJW2Z	1.0	0.9550793593592888
A35FY7K69CNMBY	1.0	0.9809399682543062
A35GEEM9BNEDTD	1.0	0.875615329666296
A35GNQK1DC7WXU	1.0	0.912381567676535
A35GRCHZWHDNTH	1.0	0.9763751574895827
A35GRR9ASLEARH	1.0	0.9593390517886975
A35GU60F0WQJ7B	1.0	0.9215641037604262
A35GZCRVKJFUHV	1.0	0.6966226239714585
A35GZXKWBKEPOM	1.0	0.9661862679357827
A35H0W1ZMY2JL9	1.0	0.7993010294687363
A35HJUJEWTHYH	1.0	0.9805868789128551
A35HMOBVSHD5AP	1.0	0.8806690408540169
A35IC78IL2U17Q	1.0	0.9491579126624182
A35IGR2BOFGI4S	1.0	0.9746399546577167
A35IH8ZU961W1T	1.0	0.7994405527309433
A35IMJ44IJYK1F	1.0	0.7764945058856584
A35IPIOBORS8CB	1.0	0.8719354962100982
A35JCASWZL0XBH	1.0	0.6946632566337033
A35JR4D6FLXYRQ	1.0	0.9226004130814617
A35JRIPX80TFXL	1.0	0.9319603450540427
A35K8GNX9PAN6O	1.0	0.8145523634337374
A35KB92QULEQ5H	1.0	0.7939104924287737
A35KDWPRDHWS1W	1.0	0.9400125668271156
A35KK16E9MI137	1.0	0.7953029653507211
A35LFP1O4VH5ZP	1.0	0.8069531251671435
A35LT2AZ2ZQ4BQ	1.0	0.7245218533735264
A35MJ7O1VF60QD	1.0	0.8344768303507089
A35MQ03ZBF585E	1.0	0.8149798526765214
A35N2NSXFNC2WE	1.0	0.9290923670616866
A35NEQD0QUP46O	1.0	0.9401150639645376
A35NHHU8YMNGPL	1.0	0.6908103383178925
A35NNBIFNBFZ12	1.0	0.9217697629450194
A35O93W5EM85CU	1.0	0.6579367281455099
A35OBVCKDNYUR3	1.0	0.8117411380888221
A35OORTZ8WFNLK	1.0	0.9448763074744972
A35OZD7M5FJLTQ	1.0	0.872547698973927
A35P1COO95IH1R	1.0	0.854805521099888
A35PBET6ASHY7J	1.0	0.9139962732243455
A35PDX1DF1EZ99	1.0	0.8564845155127055
A35PEH0NQZ4TIA	1.0	0.8876637355706458
A35PMER7ZH4Q0R	1.0	0.7141246413958754
A35POO9IFIQVMZ	1.0	0.9463633429117394
A35PPJIGPB61UF	1.0	0.9635507732119699
A35PVJ3I3S0MCD	1.0	0.9112666009697256
A35Q0RBM3YNQNF	1.0	0.897463756163313
A35QIJOQ7QCFF1	1.0	0.8255840922793994
A35QWCLQVZ3TX0	1.0	0.9492301600544618
A35QY9KT1WDU7W	1.0	0.9424101008260203
A35RU1WNV77SBJ	1.0	0.8138247393658715
A35S32Y66WOMZT	1.0	0.9066054178323818
A35S9F88OMA2FT	1.0	0.9490774311552695
A35SERT33PVZHZ	1.0	0.819573067660932
A35SF7WOUI49AM	1.0	0.9134251593561734
A35T7EL31ULAPG	1.0	0.7639846398137894
A35TGH14ELKEWS	1.0	0.40244325284473104
A35TGNGXCH72JP	1.0	0.8567017439604228
A35UBYEZCGI9BX	1.0	0.7776192152639848
A35VFPCIGG340I	1.0	0.9242075723625737
A35VNLD7S36P18	1.0	0.9293680404795808
A35WJVQ5EN2INZ	1.0	0.9610794701849976
A35X2JJI49OBZP	1.0	0.951151699957248
A35X4WCJ3K67BY	1.0	0.905753174940088
A35XAPHVURGQID	1.0	0.7935012307626574
A35XFI5R1FHQHL	1.0	0.6577092473283601
A35XG6755DWOJV	1.0	0.8084470811021871
A35XOHXGQZDRDN	1.0	0.5949835960292048
A35YSJGHOZ1NJX	1.0	0.9231477621496942
A35YUMA4ZRAH51	1.0	0.9497942618563368
A35Z9KV06JI5MZ	1.0	0.6634595114351782
A35ZDVZXBRXIKB	1.0	0.9315114838607922
A35ZJCU0IY3VBR	1.0	0.9139324167424867
A360W1G0LI12PP	1.0	0.5821856667643354
A361J41P9714WR	1.0	0.9762805474856849
A361TR6LY6J2MO	1.0	0.9465279259429809
A361X36P5LZLY1	1.0	0.6638367597047434
A361YX3SAP39PW	1.0	0.9539615257972801
A362AHGTBDGDTC	1.0	0.9083866301413622
A3631U76Y10T4U	1.0	0.817610539080728
A3634ZAZULFPFG	1.0	0.9449767493820482
A363HKFJUQ1NHF	1.0	0.8398006650267476
A363MZQVXDO0G0	1.0	0.9644208212285273
A3642NF0Z8AI73	1.0	0.7469194900721892
A36463D55NFHMF	1.0	0.9510794782758081
A364752163PFL0	1.0	0.9488524499669297
A364B9H8S23AEY	1.0	0.8635536975014557
A365UWK3K5SD1X	1.0	0.7811390604893113
A365VIN0ESABZ8	1.0	0.9589322039725305
A366FDW0HPTX28	1.0	0.8290228381617756
A366JNHOWLQWQQ	1.0	0.7164107998659285
A366S12KCZ280V	1.0	0.8511088327337455
A366ZSM489PBJF	1.0	0.9316425041088754
A3672CBW948LO8	1.0	0.021513833498000425
A367BAEZHCJ19R	1.0	0.9146198346380073
A3684P19TT6S3Y	1.0	0.8510141085713872
A368J1XGQ42CKR	1.0	0.9546796310200761
A368N2KV19WNNF	1.0	0.8317243446128397
A368R6C5ZEO71R	1.0	0.9210342163501396
A368X6QTD8W4QX	1.0	0.7984677245799543
A369U77JKIKZG2	1.0	0.9284370283060548
A369XPXR47NQPZ	1.0	0.9446875750995591
A36A1ZYZH8568P	1.0	0.9661862679357827
A36AD1JYKWV202	1.0	0.739603133083592
A36AGG9H9P1KSE	1.0	0.8227725992672418
A36AOZF4CUBNDG	1.0	0.8162351709769431
A36BMEGD02K947	1.0	0.911294073859816
A36BS0KN0N6YD6	1.0	0.8710477335644622
A36C1OM6I2ETXX	1.0	0.9131843049625042
A36C2BBP77E07Z	1.0	0.912818504939165
A36C5SX3D3XCBT	1.0	0.8299246908447789
A36C61RIAQ8YM6	1.0	0.7959913721033942
A36CSWMVL2UCMP	1.0	0.5775830002026124
A36CZGN9FBE0IB	1.0	0.8326153301123626
A36DD6914LK0DN	1.0	0.8760951532972059
A36DXZSJILCOU7	1.0	0.8923581336436952
A36EDWL4F3AASU	1.0	0.6874271028370768
A36EN1PL31Y8TU	1.0	0.9215413641726748
A36EW68H08UOCS	1.0	0.9291254724687483
A36G0GC0ZAGMI3	1.0	0.899327342043352
A36GE53TK8V94L	1.0	0.7015061359913453
A36H56SC778MQP	1.0	0.9773398155100381
A36H5J91Y9HO1V	1.0	0.8771555985343725
A36HBEM3O8SHD6	1.0	0.884580541501484
A36I012JJTZUZ	1.0	0.4570972639847046
A36IKMG970YION	1.0	0.8522798198080568
A36J8EYFSYH3JR	1.0	0.5693895755547581
A36JS4EXOJXJOT	1.0	0.7838482610820431
A36K4VOLWEBG1H	1.0	0.784344656699937
A36KHXV32EYV4X	1.0	0.7190294459870329
A36KP6KBIR04A6	1.0	0.9580680211823396
A36L3NRW858ROT	1.0	0.8507308096529705
A36L6W937KDCLA	1.0	0.9051221899427396
A36LH0KE6EWG3B	1.0	0.7910825482190218
A36LJCJA6D4FHO	1.0	0.6509060640591124
A36LO6ZA8EUEHM	1.0	0.8174454882754916
A36LXFQDYTFRSQ	1.0	0.9053640476625469
A36MTABP6S7L1X	1.0	0.9644808069209436
A36MWBJC7H0XZF	1.0	0.9237360199374369
A36NPWR62GGB90	1.0	0.9266544215588709
A36NUDST4Y5JBA	1.0	0.9301847404931014
A36O4M7Z7L5IFA	1.0	0.8563531471719262
A36OCJ8OUG4S98	1.0	0.8835395574193807
A36OSNJ4YJSGEP	1.0	0.9628854460582497
A36PK1YVRHHTHI	1.0	0.7511197230316905
A36QBIMOXND8AA	1.0	0.6464002982948877
A36QLQC1MZ598T	1.0	0.9012789057770643
A36R1GGNDJ0R5I	1.0	0.8858650498133902
A36RAZ5A9H23XW	1.0	0.7726227170877212
A36RGQJRYFHBU8	1.0	0.9153725313465157
A36RO7NCM6IUGB	1.0	0.8446141225652509
A36RS7KTNOBROF	1.0	0.8119744913117348
A36RUV863TBECL	1.0	0.957614456610624
A36S72H1JKH2GR	1.0	0.42728699731789693
A36TIZA17LFN00	1.0	0.7357676342632721
A36TPBCYO99QT9	1.0	0.7168042778681634
A36UG2A3DJ385R	1.0	0.8540605705312928
A36UTJA02MAGEN	1.0	0.7285105824380466
A36UV59MXAGKOS	1.0	0.8776588119824261
A36UWQK1D1QK75	1.0	0.630787962090485
A36VNII0UMNTXC	1.0	0.8567894980393373
A36VPLUZ3KO7C7	1.0	0.8032383590516965
A36W7RFM7881KU	1.0	0.9881402737428424
A36WR9V545L6WJ	1.0	0.803264937743216
A36WX4VODRHEW2	1.0	0.9441866595781147
A36XEPZEEE56PX	1.0	0.9453607894828335
A36XG5F0PQ8JEO	1.0	0.9714099523814593
A36XJ5PAWMXHCV	1.0	0.933704488165174
A36XVK8WNHNFE1	1.0	0.9625619488440907
A36YFLNMZM4YGP	1.0	0.7867088455506887
A36YQZHPIKVQD9	1.0	0.9683740633142466
A36Z1US7ATZV2S	1.0	0.8852335306699655
A36Z3AK23HTQBR	1.0	0.9604939604978355
A36Z9MCS4TLIMZ	1.0	0.5172982271660153
A36ZJPDQRC2WQD	1.0	0.6340450083945454
A36ZJRH7NFH1C7	1.0	0.9655209407820625
A370AGTI8FOZUI	1.0	0.7283517211865602
A370T7ZOJJ76I2	1.0	0.8036961987498704
A371TQOZLEPRN0	1.0	0.9396489516456703
A3724DSHQAPJQB	1.0	0.7898142216916998
A3724WT4N5NTWU	1.0	0.7126107536104727
A372AMMHIAIVQU	1.0	0.7585979938278459
A372YMKNJP9LDO	1.0	0.6777496939471398
A372YX80GGM7DR	1.0	0.9538114643024637
A373ETRP1DHG9M	1.0	0.9410760920733132
A373GKMRKXD7WL	1.0	0.38724747671352655
A373GWDWZLUCBB	1.0	0.9402179610407677
A373ZPQIWA7J43	1.0	0.8934275514314893
A3747YPXOBXRAT	1.0	0.8065194630596717
A3749HH54982M0	1.0	0.9507263889343569
A374T518S58TDU	1.0	0.956593560664186
A374WNBWOA9JVQ	1.0	0.8553200851401997
A37553726TM67U	1.0	0.9040697728741977
A375NHE4L5104B	1.0	0.8363320831131261
A3760WDWYC07BM	1.0	0.8935268316424798
A3767JX1HM1AZM	1.0	0.9341784383171603
A376NB8BMUM6D	1.0	0.8606549860461419
A3780EI0IFPD9B	1.0	0.6974557158708358
A37813VU3C08S1	1.0	0.6344319905029846
A378B22B4X5W6I	1.0	0.8841451881151814
A379OG8D2YLJK0	1.0	0.8680704131076223
A379QWQXEI8XCQ	1.0	0.9334284294117056
A37AOTQ40Z3BVP	1.0	0.9723273053999657
A37AW6NH9JCM40	1.0	0.714497341772357
A37B6X9YTM9EH1	1.0	0.46513064180371577
A37BCFPOWPDJYK	1.0	0.5799604972080235
A37BO9SDJF9LZP	1.0	0.909009658652691
A37C47R4R621K1	1.0	0.918230404232046
A37CBPZ1WY77U8	1.0	0.6910423413275629
A37CDON8E7QXH0	1.0	0.810352464631256
A37DNJI6GLKCNA	1.0	0.8455327363124682
A37DPHZASLUWPI	1.0	0.9319248365262164
A37DYWVWUF89NR	1.0	0.7161488518296547
A37E8X71Y0U6ZP	1.0	0.5556536079981851
A37ES7CJPBZVQ4	1.0	0.9541204462698638
A37FLGCI3Y2WYY	1.0	0.5978500374740834
A37FU0W2GFN64Y	1.0	0.6880810175297581
A37G33Z57ZPNCI	1.0	0.9417955925984699
A37G7GYB8DGJ10	1.0	0.859120992954054
A37GS42RCEAL1R	1.0	0.9191595141805211
A37GVL5B681OHU	1.0	0.7006803308694819
A37H1LDASJKJPQ	1.0	0.7041051546472029
A37HSHBHKNHJLI	1.0	0.36958124435216017
A37HUQ6I3QNZDW	1.0	0.8134922461897723
A37HZGUIKUB8IX	1.0	0.9166541775325864
A37IRE9GZ0CZ7I	1.0	0.45368194441464327
A37J4NT1LNJLYP	1.0	0.8149527076439128
A37KDWQ385BPNP	1.0	0.9557466494719501
A37KNAEKV7NDCZ	1.0	0.7348753246174691
A37LQVNQJQIOCR	1.0	0.8895245052948735
A37M0LD5W8HZMH	1.0	0.9183250142359438
A37M24GZ63ISK8	1.0	0.6782228847420697
A37M7J6XXDDXMS	1.0	0.9447868277382029
A37N9TYEYX8C6T	1.0	0.9360959768485535
A37NOMMNSIDEL4	1.0	0.953010438869052
A37NSW719W1HVV	1.0	0.9476393164874651
A37OWTQXF8NJOH	1.0	0.8842324394396984
A37P1O4CRZ7JA	1.0	0.8957340890757395
A37PE358YVDO36	1.0	-0.17559445652563246
A37PEFAO8V8V73	1.0	0.8219338422388203
A37Q3BTJSWK20T	1.0	0.9146864913749753
A37QBGHABWFLYR	1.0	0.975512859900546
A37QXTSO6WH9CI	1.0	0.9364209463105975
A37R0ROX2LKOYQ	1.0	0.8989379523409093
A37S5TNLXIX4WK	1.0	0.979002145879884
A37SHRYTKZNDMZ	1.0	0.914182552142429
A37T59JMGLI7LT	1.0	0.9076918521132771
A37TDR62M7YVDP	1.0	0.9462453221171794
A37U0AUYDK8R5	1.0	0.9440642091824202
A37UFBUSX7FG4G	1.0	0.956514337057089
A37VF0LNXK0IA6	1.0	0.9431030332816633
A37VQ6CKT76VL7	1.0	0.9364209463105975
A37WKHP6V7F0JI	1.0	0.9665393572772337
A37WMBKURH9C3V	1.0	0.9704542275399931
A37WMG4OOOE58Q	1.0	0.9665393572772337
A37WSGP1KVDS4G	1.0	0.8081141542805607
A37WTJV1HOQOTQ	1.0	0.9307277113339298
A37XJZF145XH5B	1.0	0.9773398155100381
A37XPATS6VY39V	1.0	0.9098002438382216
A37Y0QAPBSEA61	1.0	0.835085629494908
A37Y9UJBF3C32C	1.0	0.9281357861373378
A37Z218IDMPUD0	1.0	0.9011689478570204
A37Z81LW79DUZ8	1.0	0.9083426876499878
A37ZA2D4JCQLWD	1.0	0.8899847069083344
A37ZKZP74PYAVY	1.0	0.8330467861862374
A380G27KIK3KXH	1.0	0.9489015452812941
A380K4211PV8OW	1.0	0.9589859624472464
A380NOYLRQZPLI	1.0	0.9349951236498442
A380S2DOUQQ3IY	1.0	0.9500202102514549
A380U6HKB351QD	1.0	0.9152289132212482
A380U6Z27UP06K	1.0	0.8875159359258769
A380W12QEPG2BO	1.0	0.6714937059402386
A381F0LULQJL36	1.0	0.9564777705449471
A381IORSE8W4VJ	1.0	0.7210341202829676
A382IU4ZFHA77Y	1.0	0.8434972446189729
A382OWESG9UBOU	1.0	0.9468092374641046
A382ZSI8ZQ6IRJ	1.0	0.8381877725730695
A38338DNLLD0FY	1.0	0.8369363668026087
A3837D2JE16VV4	1.0	0.9406637571296715
A3839T2HJCJ5C0	1.0	0.7832161571674856
A383DUOX3SEVTU	1.0	0.8441544796794895
A383H4NI2KQ4YM	1.0	0.8918688736718361
A383NLVC7X09D0	1.0	0.9453241142417448
A3844EH20ZBIG2	1.0	0.672426010830403
A3847R2LRGRD62	1.0	0.9355957461945945
A3848J0A3D7XRU	1.0	0.847038138750959
A384XR2WG8UEJO	1.0	0.8485942074883532
A385143L5SK2I4	1.0	0.7302283036893418
A386CNLWZUF3EH	1.0	0.6730198892813372
A386I2P2YQPCOS	1.0	0.7853891549031582
A386MS2TWICNNX	1.0	0.7168136071646731
A3872Y2XH0YDX1	1.0	0.8948249127117344
A387BFH1KZTV8Q	1.0	0.9299572557265235
A387XF0OKK18MD	1.0	0.8490753102735861
A388BBBDNBU76A	1.0	0.8247708667114326
A388DNRB4TGK17	1.0	0.7006889215321163
A388VDCK63OKKH	1.0	0.7847044635751361
A38917HDZHMVBG	1.0	0.9807838493481716
A3898ZA48GAI8	1.0	0.7100398385995991
A389BMLQNT37Z4	1.0	0.9246545702149739
A389ERQVHSV3NQ	1.0	0.9794661019862652
A38A5BJ0UETDRM	1.0	0.6073007260135888
A38AKHUK96FH9F	1.0	0.9456326627922843
A38AUTO6ZELDQV	1.0	0.8855567847437282
A38AV3CSWAC093	1.0	0.9242075723625737
A38B3TPA6OFT9T	1.0	0.7946675315558758
A38BC7JH4CN4I	1.0	0.9768306072624524
A38C12950IM24P	1.0	0.8895664564026544
A38D4JF839EV3J	1.0	0.9238870960686116
A38D4KPA3VPOZP	1.0	0.8766849169811163
A38D7IJ92BDCAW	1.0	0.7242411493653087
A38DDA4M9L1MCE	1.0	0.6873866661040666
A38DE2TCRXTVJL	1.0	0.913068028319093
A38DI14LE9WJXR	1.0	0.8351440118401519
A38DZ6631OOEA8	1.0	0.95882698631484
A38EFHZ8N7RSE3	1.0	0.891469178011596
A38EL39NB9JP1M	1.0	0.7438394375843522
A38EWB83PPBDI4	1.0	0.949056295431054
A38FM22Q2C7ST8	1.0	0.9116510703399849
A38GH9B2PU5PKL	1.0	0.857575422439373
A38H4ESE7TPRB	1.0	0.9123566247161339
A38H7D8U24ECFK	1.0	0.7522445956254125
A38I3D9080DGOM	1.0	0.8542977028517774
A38I6IGX1KU8Q	1.0	0.8329568618035355
A38JAZUBJNNBUK	1.0	0.9807838493481716
A38K5A38JROTJD	1.0	0.9132035368330607
A38K7UAQYBQ6D7	1.0	0.9156651522452365
A38KKDD0GNWOS7	1.0	0.8110958699205598
A38KRBCJ02HS8Y	1.0	0.8521372882237902
A38L8RRYVKEZ7C	1.0	0.8766849169811163
A38LSX17NYPGF4	1.0	0.9247390411037258
A38M4WA40CSPWY	1.0	0.9160520892998308
A38MY93QNVECFY	1.0	0.8556831371132403
A38NOGRUHBAP9C	1.0	0.9676495204376833
A38NTWEBRRQO5Y	1.0	0.5941194897559846
A38NUH1HR0UDND	1.0	0.9733865734243189
A38O8ZYXYAL6WF	1.0	0.813729268234619
A38OA9YPUMTLP9	1.0	0.9608056513116265
A38OB9G0Z1W4E5	1.0	0.9202024139071454
A38OP28CXT25SQ	1.0	0.9317034645721285
A38OPD8UVPD9DD	1.0	0.6661586014888614
A38OVPA73EY2DD	1.0	0.8746375178741352
A38OYQXWPBO85Z	1.0	0.7615164745154146
A38P3F25AA6VDX	1.0	0.4874786469215838
A38PZ2ZR8QOV6X	1.0	0.8979973528524201
A38QD3N8MOCKAY	1.0	0.601039316015696
A38QEATH3NODFM	1.0	0.982546438829155
A38RJL6DA0KA65	1.0	0.7987249755997872
A38ROKXMSZCCH7	1.0	0.8958352141665981
A38S8B85C5WGAY	1.0	0.9677978730972973
A38SHBX6H6UUZ1	1.0	0.7908086971597857
A38SK60CQ2J5SZ	1.0	0.14254860759155846
A38SK72V6NORUP	1.0	0.8563267914460974
A38T0YN4VC4ZIE	1.0	0.8719971778377326
A38TGTTKNP3NKI	1.0	0.9545298737615595
A38TVIT5WIB9JR	1.0	0.932114056534012
A38U2M9OAEJAXJ	1.0	0.8153514999994494
A38UIXOOCM266C	1.0	0.9324677042248783
A38UWI4SYIGUTK	1.0	0.906871742593987
A38VDH2NH08849	1.0	-0.1762931167962528
A38VL5ODQ7CXZ5	1.0	0.7420167113957746
A38VQ2TIPPBKNN	1.0	0.8845987978688065
A38WUHOQQ9M72W	1.0	0.9498088982201431
A38X3820MO0TAN	1.0	0.777947614022308
A38XMK8CC7D8LV	1.0	0.7512305904047467
A38XN9YT93SSXO	1.0	0.7845095258920189
A38XS9VWO1QWD9	1.0	0.8515043426689458
A38XZ3KWGAZAXA	1.0	0.8581537136925212
A38Y4NA50TKEXC	1.0	0.8900185024234734
A38YATKTY2TNPJ	1.0	0.6637284676302067
A38YBB3WOB6KBM	1.0	0.524471234121999
A38YCOB9CHP7RA	1.0	0.9431729941043697
A38YKJN3S1S6X2	1.0	0.9187615296559264
A38ZDXX8YKKYZC	1.0	0.8967102344718074
A38ZF1HRT7L2BO	1.0	0.9404675385578506
A38ZGA4I90MM8Q	1.0	0.9250776203791312
A38ZXGS6PQMA7O	1.0	0.6820078412982286
A3905CD72W7ODO	1.0	0.5742948094905319
A390JC7RBGXD7G	1.0	0.7045475536139375
A390WJBENBV09F	1.0	0.883655433628804
A391BYBJSL5Y6W	1.0	0.9415733456170144
A391YVPGUD6ZRM	1.0	0.9011582653693777
A3922C2IZWR09A	1.0	0.8646657940009276
A3923W0OJNGUHN	1.0	0.9042561906413787
A3928NH131H2RI	1.0	0.8865163743599548
A392UU5LJ9X09A	1.0	0.839776116373118
A392X0SV97FYXA	1.0	0.524400486248916
A3940IGRQV6FQL	1.0	0.8851746514567965
A394BBG9GHE08B	1.0	0.7768178439469178
A394C81V05JW2Z	1.0	0.6064162522054856
A395EZDV1PR0TT	1.0	0.9202702956687359
A3963F4ZW4ZJF0	1.0	0.9438873872629694
A3968V5F8JKMA3	1.0	0.9037588525148925
A396T52JBF6V0H	1.0	0.9589386574452974
A3981ELWLHGALB	1.0	0.9189107530294244
A398VTSV367GDF	1.0	0.9668924466186848
A3994UH79BJIPV	1.0	0.878031008136388
A399H1UO56JQFG	1.0	0.9684686733181443
A399K205SCMN5I	1.0	0.7513158383890394
A39AN2T5IYT650	1.0	0.9448050549207654
A39BN484AZ9NMW	1.0	0.9834193440719844
A39BQSR4JK3HPG	1.0	0.9303299917696172
A39BSNKIS873V9	1.0	0.892770855684616
A39CYUXTVGQSCF	1.0	0.7069300353324656
A39DPSK07IRE7S	1.0	0.8939322988535546
A39E2RQQ8XH23J	1.0	0.6747405457477134
A39EGBEBK33PBR	1.0	0.8386820151277377
A39EZTITCAIK2	1.0	0.6655794744656529
A39F2CTKUWZHYU	1.0	0.8910554266116033
A39F6C6EHDZ7SV	1.0	0.7815010518354933
A39FHHGWESJIXE	1.0	0.9241129623586759
A39FMFTFV95OPR	1.0	0.9626438794602578
A39FOO2PPLK50G	1.0	0.8027989458741678
A39H5ZCKFUMO2K	1.0	0.9458627989067092
A39HK7B1INNEC0	1.0	0.7225896150980969
A39HO10W500TBC	1.0	0.9263528666212469
A39HZK87MMK2YE	1.0	0.9329614993925742
A39J1TZPAHJ1DE	1.0	0.9468476198873159
A39J79FXDEPXOR	1.0	0.5661655226322893
A39JZXGQPTFW60	1.0	0.8764280127820298
A39KCZI1A2ZV51	1.0	0.9137219967553817
A39KI73Z82KDX5	1.0	0.9215746589135166
A39KOJG83K8F1U	1.0	0.883606938504203
A39KQSSLJP44NK	1.0	0.8525590143544889
A39L47Y5BZU08H	1.0	0.9640947463385576
A39LJ3P2XJC8ZP	1.0	0.8801329290135701
A39LMEMM6F8UNO	1.0	0.9075794915416018
A39LMJKTAZ3NNH	1.0	0.9339487625710249
A39LUHOIFMRRYL	1.0	0.8998902470047573
A39MJGQRVHCH5Q	1.0	0.7346629041730003
A39MYWEXQ4ZRAA	1.0	0.9450174798156988
A39N2NJGOT6W69	1.0	0.7606025683718721
A39NEMK0UIVUI4	1.0	0.8509191079836964
A39NW3G87YRTI7	1.0	0.9223355891115266
A39NXFS0U6NJJM	1.0	0.9482806725677551
A39O6XWKDUW72N	1.0	0.7817867942204839
A39OWIAILRV1F9	1.0	0.6021971465431728
A39P1EQTZB171Y	1.0	0.9261368884034844
A39P4EATR0FGDC	1.0	0.6788872484075452
A39P9MWS8L0FZH	1.0	0.9690523324254677
A39PAW3GJHHSH9	1.0	0.869543011171267
A39PIQZAZUTNXM	1.0	0.7796282407635943
A39PK35L6E9XFS	1.0	0.9616449618215943
A39PVIT295A1OD	1.0	0.8674766055099773
A39QBJOUGRBWYU	1.0	0.9148313376991191
A39QC1ZC4DK46Y	1.0	0.7572109653854989
A39QL4QDS538UH	1.0	0.983222373636668
A39QXMCU74600F	1.0	0.9057591092958842
A39RFWWEKCMG5L	1.0	0.6316905728064646
A39RHC50KC4R8W	1.0	0.771682959360909
A39RJ3YHH7KF3R	1.0	0.9693689652100911
A39S0FW63ISIMZ	1.0	0.5441914865517028
A39S5DHD7KI1LM	1.0	0.956514337057089
A39SFYTJQCJZWN	1.0	0.8196980744167452
A39SJQJYO2DV7X	1.0	0.9137515017333585
A39SWTSHP8S63Q	1.0	0.47369455854107445
A39SZ4B8TRX9E9	1.0	0.7306475567239954
A39T3TKD40ILV4	1.0	0.6479714824346404
A39U2WGECEDQAV	1.0	0.9555551196810612
A39U8YINLJFQS3	1.0	0.7652559915497865
A39UCIT44FDKLU	1.0	0.8919620581076598
A39US8SWJCTB97	1.0	0.9026334141069318
A39UYZPB31YQ7	1.0	0.867982254124379
A39V9HN1N2S8VS	1.0	0.9418552467424632
A39VF2T7QAXX00	1.0	0.6566803172631204
A39VP8I0ATNCB1	1.0	0.8567255176176661
A39W3C2X0HWNO	1.0	0.9479743580985627
A39WOQH2BNHM03	1.0	0.48754457892362674
A39WRZIEXFPN9X	1.0	0.9772754493815294
A39XN62FVEC2NL	1.0	0.9457138788242847
A39Y1MYKFJNY9H	1.0	0.41434259654828554
A39ZMUF30KIY2B	1.0	0.7757082009689092
A39ZO89C6PS2JO	1.0	0.950061152311464
A39ZPF6A77LCCQ	1.0	0.8224342816344511
A3A0KY2OORO5YG	1.0	0.918097529469366
A3A0X5G6O46AI	1.0	0.6561206131646611
A3A1JYOG384DRP	1.0	0.8710974989968484
A3A1OSG3YEJ97B	1.0	0.9152412779782558
A3A2TVKZI7OTKH	1.0	0.6739709363963564
A3A4OMORV8VS27	1.0	0.9245763415085074
A3A57GX8FJ4QNQ	1.0	0.7835974398719356
A3A59S0U11I2L9	1.0	0.6319920977214365
A3A5A8E49R5LU0	1.0	0.8048393983831572
A3A5NUHGTJ6TBA	1.0	0.9450931167242556
A3A6U4A86ODXMA	1.0	0.9502698503300148
A3A7NAX8MJ6UQK	1.0	0.7636030398782675
A3A7PDWH3KQ8ML	1.0	0.7148118613354031
A3A7RI8WFST71E	1.0	0.7158881121246237
A3A82EDPZNF2BB	1.0	0.7554232362706221
A3A85X0WXPGCGT	1.0	0.9802337895714041
A3A89M315I6KW5	1.0	0.9773398155100381
A3A89XS3781JP6	1.0	0.6995119535947718
A3A8PDZ8TXYGE5	1.0	0.8768608909413742
A3A8RU54IZ5CLA	1.0	0.7590094449874016
A3A97VGDALN040	1.0	0.8277788862799941
A3AA3SSR1XBAR7	1.0	0.022519911830079255
A3ABJWI2JUNRDC	1.0	0.9549438943436037
A3AC171A213KZW	1.0	0.24023840804909521
A3ACBXX2H78PE8	1.0	0.8980321216947726
A3ACEOESEG5383	1.0	0.9616214571710592
A3ACHILMWYC48R	1.0	0.8084286812346175
A3AD3P2PRHC5W6	1.0	0.5536128972023138
A3AD7WKNFVISBD	1.0	0.8668096034541214
A3ADDN8N2CH2RI	1.0	0.9446546107999314
A3ADE1QJSA73T4	1.0	0.8741711540619959
A3ADFUS74MLPMA	1.0	0.9400268854519683
A3ADKGVYMFNRPL	1.0	0.9733865734243189
A3ADVRDYNU3SHV	1.0	0.4549151252513024
A3AEF59DUCKMQC	1.0	0.8985588038073479
A3AEONRYRHLEWI	1.0	0.7072540893979928
A3AEU9ZK2HGLJ5	1.0	0.9705380460366566
A3AF1CIET0NFPN	1.0	0.5741043837472879
A3AF2Z7BIZHADL	1.0	0.943686074401746
A3AFI1CSZKWSG1	1.0	0.7382920263483974
A3AFIP9AVIHJWB	1.0	0.9418552467424632
A3AGA80TQCWSIA	1.0	0.6482370387178622
A3AGD7WNXX5791	1.0	0.8333337057393132
A3AGJ0NQXOW8M1	1.0	0.9521564808203699
A3AGJD7SXDBF3N	1.0	0.8251942102260477
A3AGNV6PKX48UV	1.0	0.8957363468821391
A3AH0KJ9L82S1Y	1.0	0.944843830807727
A3AHPHYJOJIGR4	1.0	0.9580595552163974
A3AHTWZWFARSV1	1.0	0.8146375574227739
A3AHU6KIQQ0EHS	1.0	0.8655239091476687
A3AIFDV9KLN58W	1.0	0.19666563507349508
A3AJ2CROQNECSE	1.0	0.875229317410673
A3AJIQEVA6T0GQ	1.0	0.7019212070006436
A3AJNP76RWQKKM	1.0	0.8020355077208704
A3AJX33U1PQENS	1.0	0.9560919883858804
A3AK401WM184RU	1.0	0.8358788748268077
A3AKE87QW7P0LA	1.0	0.7867903396570607
A3AL8GQ69QE7WN	1.0	0.9266944637747617
A3ALWC3NVPHUA8	1.0	0.8800062184419073
A3AMABALFJBHDU	1.0	0.7481285965959222
A3AMCBR6IKX7UA	1.0	0.9884933630842935
A3AMI2RL6IKYOF	1.0	0.9581645163873916
A3AMMGLNBBMLM	1.0	0.8975704121188748
A3AN8V3BZ0785O	1.0	0.954381347382976
A3ANTLKXL53WBM	1.0	0.9536612145249049
A3ANUL5PKMNNQG	1.0	0.8946112276038573
A3ANW5BON731U3	1.0	0.8955702197420842
A3AOOJISN2V5F9	1.0	0.9269356939867356
A3AOYF3QNXJOAA	1.0	0.5713914345832816
A3APHR6TR89K4Q	1.0	0.8269870596042319
A3AQ8L67OCAZ4L	1.0	0.8103908968197678
A3AQHY7T3FQG15	1.0	0.9790268905467806
A3ARWXNPHVQP1B	1.0	0.9243587120777836
A3ASAI678O80EH	1.0	0.7096709293956266
A3ASN81QBBMSXY	1.0	0.7307666480367402
A3AST6WMNZ5XGR	1.0	0.9298677523274862
A3ASUV965NSQ6Q	1.0	0.686721763483376
A3ATN30G25SN5H	1.0	0.3921097028752706
A3ATNMBYNPL7DQ	1.0	0.8144482028580655
A3ATT81B4UL82O	1.0	0.8760130919611543
A3AU0683BTPNNZ	1.0	0.9073267470350214
A3AUIFT4P76SUS	1.0	0.9016109423919068
A3AUQ7M9S46U36	1.0	0.949271433407621
A3AV3P0CQJBPNU	1.0	-0.2016798565163847
A3AVJCB1ZD6ZY5	1.0	0.8694044925117519
A3AW1MM7JARXJG	1.0	0.7095435149135256
A3AWB8K41TZQGX	1.0	0.9061628253518362
A3AWPNJXKUDKGJ	1.0	0.7685293773564582
A3AWVFZJQ3CN67	1.0	0.508469066925718
A3AWVXLUUC5YTK	1.0	0.9246913927845051
A3AWXCWPNDW5QL	1.0	0.6375268388093024
A3AX3QJDROE7UI	1.0	0.8979757794595769
A3AXNWC90FKCG8	1.0	0.9210297682895141
A3AY48RKGSW7CG	1.0	0.9118388160583236
A3AY8UNEVOEJLI	1.0	0.9285646634839679
A3AYOQT5YJBKPD	1.0	0.9438791727872718
A3AZ4L6OS6KFZU	1.0	0.57765921348989
A3AZH0OO0GUAI3	1.0	0.9008750510486876
A3AZKI4U4J58UC	1.0	0.8069011859684759
A3AZRM1GDK04KH	1.0	0.7809729576596522
A3B01BU84T197B	1.0	0.500373920248519
A3B09DCUTPP2I0	1.0	0.9053994326067206
A3B0CI4MUZ627	1.0	0.7165818219069022
A3B0J2NK3VF91A	1.0	0.8603694809862028
A3B0SLHC9GK7VP	1.0	0.7876282908076528
A3B0XU9BPSVVBK	1.0	0.9669362457002723
A3B1188EKD158V	1.0	0.8575976869381516
A3B1CD4L8G1HBK	1.0	0.8621095770193178
A3B1VVM695935J	1.0	0.769120762501205
A3B2EZQHLN7QLW	1.0	0.960937157412427
A3B2FVVXTH2LKU	1.0	0.9586328731057953
A3B35MV4SU30V6	1.0	0.9328212500404329
A3B3CXPFQ8VBHY	1.0	0.8464991771423994
A3B3O292TF4H9K	1.0	0.8757571740520703
A3B52HJD0309UR	1.0	0.9586328731057953
A3B5QKCW1LF0AS	1.0	0.8563216288965858
A3B6EJUJBQ3BN9	1.0	0.687946991790866
A3B6Q36NIX22MQ	1.0	-0.17817010307757167
A3B6WE3ZXCLN4E	1.0	0.8229186804561359
A3B8F3QYSBD4CW	1.0	0.787402463487376
A3B8IWCJ5VABAI	1.0	0.5294523374464671
A3B8WTMYYXED03	1.0	0.9023965552892069
A3B9DHWCMYQFD	1.0	0.8701638579228645
A3B9GMT4AYYJHC	1.0	0.8602219909956206
A3B9XB768LEAN8	1.0	0.8888176135988968
A3B9XTIDLP6BKN	1.0	0.819220766883733
A3BA6TSCF0LEFL	1.0	0.9306443060419958
A3BAZDC6XJMKPV	1.0	0.9662081468600526
A3BBPZD2Y7N3LH	1.0	0.9005827298521564
A3BCS8I6AZVHH3	1.0	0.7298818762588568
A3BCZZ5QM7KJ6V	1.0	0.7714337252489643
A3BD555VO8C6Z5	1.0	0.94073433301384
A3BDJEW165ZXT6	1.0	0.6798710904907057
A3BDM3K0RK6T9R	1.0	0.7705124343990642
A3BE0Q1V44PT23	1.0	0.7814938592796149
A3BE480SRW37EK	1.0	0.8694474427446024
A3BEZFDYU1KM6A	1.0	0.6368383451371005
A3BF897YSZR98F	1.0	0.8993146899265899
A3BFGXGEFYOCM4	1.0	0.8911154016773839
A3BFJSNCZFPV9Y	1.0	0.8740327717387385
A3BG1BENUBEIW	1.0	0.7947861530051414
A3BG2GGQ5B52CS	1.0	0.7910319786954654
A3BG4YTIAJMY0	1.0	0.9456429213213612
A3BG8DQ0SUFBV	1.0	0.8299235903651416
A3BGV3LE5ZR19A	1.0	0.8170399158089615
A3BH6WRQC9DLF8	1.0	0.9785931967434359
A3BHGJLN0A2CWL	1.0	0.7680490152050844
A3BHOM951PY42M	1.0	0.903668386413342
A3BHP9OXQFM360	1.0	0.6277033060743724
A3BHQ9733RN4XU	1.0	0.936748126628493
A3BHYF6L9E0F2V	1.0	0.9373876272563934
A3BI786B9WA5P	1.0	0.789814066729519
A3BI8EGG1WJCB	1.0	0.963109567163741
A3BIMAUO4JKCRJ	1.0	0.8373670340689919
A3BIV1X1K9R796	1.0	0.8419274683623414
A3BIX6CH3X46GB	1.0	0.8458235586569518
A3BJOVWPZ3N8O3	1.0	0.941583860459376
A3BJOYY5ZWF5VM	1.0	0.8604678294846717
A3BJSN58XZ6UNF	1.0	0.9290896928490664
A3BJU427797WD3	1.0	0.8977456085131861
A3BJZRS6Z6E5PI	1.0	0.8418703165712327
A3BK6P1U9PBU6N	1.0	0.9090893387758996
A3BKB9UQMQIQMZ	1.0	0.507809024926362
A3BKEZ129G9JE9	1.0	0.899699876764557
A3BKL6ETHEC23Y	1.0	0.7314673123172544
A3BKMOJZRXSU69	1.0	0.919194520063975
A3BKR3RCAZ7IOX	1.0	0.8353407908153142
A3BMGP8X14O8T5	1.0	0.9212526929125913
A3BMOPZE7O8BZ2	1.0	0.7377954796057616
A3BN3TMY1S9F7C	1.0	0.8969827110694162
A3BNEHJN2XN3TY	1.0	0.9478456733048873
A3BNOMJ5EZFD8J	1.0	0.8685554393011748
A3BNVMPIHDYGNQ	1.0	0.9183791568704657
A3BNXOR8F7IMEL	1.0	0.9697864206800508
A3BO3IR1QCRQ8Y	1.0	0.7855831961593442
A3BOKDQLKENR51	1.0	0.9005189795010019
A3BOOKRS5ZP3C0	1.0	0.9414262210201784
A3BQBY561YLU2U	1.0	0.8800719566506623
A3BQHR430WK70X	1.0	0.9191950622525014
A3BRC3O7DUKAFU	1.0	0.9402840955899688
A3BRWLGMDT84YZ	1.0	0.9793164365528977
A3BS2B6TBBSJEN	1.0	0.6673778915987675
A3BSM7NPYP9RHB	1.0	0.983222373636668
A3BSO5OZTKI31B	1.0	0.924610770973747
A3BSO9DMOIPPIV	1.0	0.955808480737372
A3BSTFFIKK5YTW	1.0	0.9539311714932064
A3BSX7AONHICZQ	1.0	0.8748395023531457
A3BTXEZVYYEEKJ	1.0	0.9512155593148439
A3BU1PP1H9AVZT	1.0	0.9155910358137068
A3BU84K8538H	1.0	0.8909860410069615
A3BU92XQ2M0FQV	1.0	0.7129305718434342
A3BUJOSIV5RF6J	1.0	0.8524242759781625
A3BVT8LN62NBP0	1.0	0.8885482172726382
A3BW29JAJQMMEH	1.0	0.6727909955041119
A3BXDU5PZ6WHA	1.0	0.8108959330489987
A3BXFHLVV3A91V	1.0	0.8576282408242146
A3BY2QW7T0401N	1.0	0.8625099713627178
A3BYEL2YPPK0DM	1.0	0.8237658425779323
A3BYKL49799PP2	1.0	0.9081086166815697
A3BZ123EIJ1TZA	1.0	0.5777228608962766
A3BZE98FY9G5F2	1.0	0.7809478625705969
A3BZIXUPWNY4HH	1.0	0.8111574737276902
A3BZRIM7SDJJ1L	1.0	0.835511042759622
A3C0847WXDRWC5	1.0	0.8218463419983625
A3C0FN5UOSDSTL	1.0	0.9550955226489638
A3C0LB5Z17QEZX	1.0	0.8219840263984369
A3C0LNU5TRIUTY	1.0	0.8966614904102085
A3C1FM2WQY4FFE	1.0	0.9622534677162611
A3C1KYTDILG2FO	1.0	0.7843266942357515
A3C1L3IUFBEYBP	1.0	0.928238533243093
A3C1V3J0U8N236	1.0	0.9478557423828112
A3C1Z715U88L73	1.0	0.30252823293977604
A3C268W5GDCNOW	1.0	0.862930319277655
A3C2AT9BLJQUW1	1.0	0.926419664666988
A3C2XCHAT9HEDE	1.0	0.9068704556565778
A3C3247DMVGP7D	1.0	0.9727968836695846
A3C34HHVLHUF7R	1.0	0.8137752732999898
A3C3ES3ACXAU9S	1.0	0.8963113757294144
A3C3ZQWD7I3NB7	1.0	0.4866789645155426
A3C4DFXPPYK14F	1.0	0.7888465679717513
A3C4EXHAQRUSFE	1.0	0.7803399812513638
A3C4LSU2D7GNE5	1.0	0.9794661019862652
A3C4QSE9PNLTMF	1.0	0.8990252928441523
A3C50S1M9MI2UI	1.0	0.8481565501782914
A3C5BI8EGANCG6	1.0	0.8665335441556008
A3C5REWKUEDQ8G	1.0	0.8384005614968234
A3C610NEDQ74AB	1.0	0.9432357963918062
A3C62RBEBZT1TT	1.0	0.39299720119756865
A3C6PXNVM5LAMF	1.0	0.781060843495877
A3C6VBQ17B8EYG	1.0	0.8380207341459078
A3C6YSJTG7NPC9	1.0	0.6703740476208745
A3C6ZCBUNXUT7V	1.0	0.889339775457036
A3C77QRTSPNOX8	1.0	0.9610607836281512
A3C7PMEK5OTDLV	1.0	0.8862513782048415
A3C80DKT9DT2G1	1.0	0.7980603374315745
A3C82GUNZRFDYS	1.0	0.9511907427151935
A3C89D54IDGKV3	1.0	0.9281528405699581
A3C8K6K4R06CP6	1.0	0.9003429418966347
A3C8O933Q8TVXP	1.0	0.8041102524355455
A3C983W4DVFLCQ	1.0	0.82143458107653
A3C9DBPO715PVT	1.0	0.9429016078212825
A3C9E4SNPLGVT9	1.0	0.7331361398708088
A3CAIZ5D023DAO	1.0	0.9142805889228091
A3CB9C18OZ4WJL	1.0	0.771403531108475
A3CB9KNPD259QP	1.0	0.9468895428539501
A3CBIAOSL5FHPP	1.0	0.9413303141890221
A3CBKTK5QG9ZZ8	1.0	0.6956118694258848
A3CCMXO9C2O17L	1.0	0.8696178616286445
A3CDKHCHPSUJ50	1.0	0.9580708572307984
A3CDUO3WLCPZMP	1.0	0.9409594697023083
A3CEE263ZSMO87	1.0	0.8890275638561679
A3CEJTA6VEN6S0	1.0	0.9021742408976671
A3CF6DLDLZT46A	1.0	0.9576682150853401
A3CFB16J8HWHG	1.0	0.2915923738826665
A3CFZWOQ7ONYYB	1.0	0.7281415479428928
A3CGGC6OVX1MCL	1.0	0.7493520101458309
A3CGK5ERMGFH21	1.0	0.8490239593955589
A3CGT59KTP0CXR	1.0	0.40461517062789665
A3CHNZYG5YD4L5	1.0	0.7834556743552177
A3CI38KCX6IQC7	1.0	0.9301629323809897
A3CIIVQWE3NJQ5	1.0	0.9112880358925366
A3CIK8JSLE1R99	1.0	0.814189175335478
A3CIV241S8FWVK	1.0	0.9841870316571233
A3CIVZ2Q7XB4UU	1.0	0.9154575794847292
A3CIWAI5ETAW80	1.0	0.9419354266285692
A3CJKFS9JDR2CN	1.0	0.8082644463499973
A3CJKGC6XJUMWW	1.0	0.9586928236930257
A3CJMRF7GV3VA0	1.0	0.9674094052937913
A3CLV5WGQNCUP	1.0	0.9320327049620105
A3CLX9IRDOYQU0	1.0	0.6496586011545817
A3CM96YKL79DFA	1.0	0.8171554781637003
A3CMBEN7YJ7JKQ	1.0	0.9279933917715287
A3CMDR34KFLGFX	1.0	0.7794529476811274
A3CMH63FV9I5DR	1.0	0.8181357813511553
A3CMIEYL0TJLC2	1.0	0.8631854155872339
A3CMIIP8HR5N1F	1.0	0.8793554253900963
A3CMMRPRIT6A3	1.0	0.9597238792311302
A3CMTZCF07ZASP	1.0	0.957614456610624
A3CN9CCJUNIPKT	1.0	0.8973570560226041
A3CON4WD5PKNWO	1.0	0.913028674114178
A3COWL6E0VRBI7	1.0	0.6199044555397044
A3CPA0XGKNY9ZJ	1.0	0.9310785929138394
A3CPI1F4LUJCXY	1.0	0.8789818133865478
A3CPMXMBM53B4J	1.0	0.952805692052649
A3CPVP2M3JI6AN	1.0	0.7721187316334366
A3CQHBCLBFD8VA	1.0	0.9676063757291077
A3CQHZQ352LKAL	1.0	0.8178102812788224
A3CQMZUWLJI0XL	1.0	0.7631053074500577
A3CRD9FQ7Y5W33	1.0	0.9690649830732321
A3CT2L8MHDSASY	1.0	0.7494193584215668
A3CT8FKHSID3HS	1.0	0.9463633429117394
A3CTD32536ABTX	1.0	0.8887771221535309
A3CU9UQ7MGV3YK	1.0	0.9097186212040723
A3CUHAU322JD46	1.0	0.7442378339063139
A3CUSCXA8PPORB	1.0	0.9550793593592888
A3CV1OXA6WOT46	1.0	0.9398313206976547
A3CVAKGCJSDODF	1.0	0.644026217041496
A3CW0ZLUO5X2B1	1.0	0.7948926434674396
A3CX3IQ73RTZHR	1.0	0.9762805474856849
A3CXBXUZJLWD9Y	1.0	0.7597271188152
A3CY3EMAENSHF8	1.0	0.8814085555527529
A3CY40LNIH6MUT	1.0	0.8661581844245283
A3CZ8189SAJR2U	1.0	0.9032095358259873
A3CZX41ZMITRQ9	1.0	0.9134381200471903
A3D01MOJL4B6UJ	1.0	0.6467966514617136
A3D0IMNGRBJQGD	1.0	0.9766103463555974
A3D0LRNCCIY6O4	1.0	0.7522391263705492
A3D0NBW2OY3QIZ	1.0	0.9123187887358059
A3D0OIGL1B2K3Y	1.0	0.822092913521326
A3D0YF5RE0232H	1.0	0.6006607874731437
A3D20W1YAFU03Q	1.0	0.829969420166895
A3D24WAGR0T51	1.0	0.7585366279872715
A3D2EOELQ5S4WX	1.0	0.9236036173090568
A3D2EYOLHOZUJX	1.0	0.9724219154038636
A3D2HAESTLGGDW	1.0	0.6681205230840043
A3D2MFJLTBBWAF	1.0	0.7499123587915059
A3D2VIUT2HWP0Z	1.0	0.8306058171613605
A3D30N31PL7F3C	1.0	0.8923054276445073
A3D32QEWO8JRUL	1.0	0.8702454381717206
A3D3ASEXBFN5DL	1.0	0.9152344697397262
A3D3E8Y16PWPYQ	1.0	0.9558686461249652
A3D427BBASWI1L	1.0	0.8739923540410096
A3D4NTNI49XEOV	1.0	0.46605789315172574
A3D5DLDBAF7WA3	1.0	0.9524667041752684
A3D5TKETB8BFSN	1.0	0.9483986735648449
A3D5UHUD1CMTXG	1.0	0.9582797837643443
A3D5WJ2VXBEPPB	1.0	0.8210194082024782
A3D5XPK9QN1XG3	1.0	0.9848932103400253
A3D62ATMQ8R66F	1.0	0.803014740162512
A3D697C8E7O03V	1.0	0.8375200764884453
A3D6IZ9DP2UXYX	1.0	0.9233657506458335
A3D6JBF59PAZRW	1.0	0.8039260498738491
A3D7CV4SODSZFJ	1.0	0.6231417357634778
A3D7UJLBLTJGY6	1.0	0.8955245967536969
A3D8N9EL04RYY4	1.0	0.8946706205413778
A3D9EXY6AW61TX	1.0	0.6912891419999588
A3D9JASQHHV4YA	1.0	0.2959303518364479
A3D9KO6R1JB845	1.0	0.7741065697281112
A3D9QZXGU3KV5O	1.0	0.9041140252090455
A3DAH48KZN2T78	1.0	0.9533891519691218
A3DAHRG9RB6HFH	1.0	0.9773076969300871
A3DB65LT2ENTNQ	1.0	0.9243405498537677
A3DBDULLZISWMC	1.0	0.8032645146040188
A3DBKS6257OCJW	1.0	0.7732880744397388
A3DBPYCCYOSQ1V	1.0	0.7809044215430134
A3DBQ2R69CVM06	1.0	0.6688341509118669
A3DBZ5YXW75NYA	1.0	0.8526649300259309
A3DC9BSMG994WN	1.0	0.34422439717618625
A3DCOGGBKMJ8RN	1.0	0.7313414781884542
A3DCTCOY62PP67	1.0	0.8896847980612428
A3DDDXG42DOA0U	1.0	0.7715327221266172
A3DDKZZYATMSVO	1.0	0.5843238305277375
A3DEDMQDES5N5N	1.0	0.8887844447219475
A3DEV4Y8NFVV0M	1.0	0.6162580581366912
A3DEVV7HPYZTCN	1.0	0.9453987906496646
A3DEZYGHWPIHM4	1.0	0.9171470658231434
A3DFGN57S6ZKOT	1.0	0.9492010573709937
A3DG4I7G4MVV43	1.0	0.881898838212448
A3DG78OW36FASC	1.0	0.8934144922892061
A3DG93E8TXMKZF	1.0	0.9456330982721204
A3DGUCFFS99A19	1.0	0.9629392045329657
A3DHMGQ93GIJCR	1.0	0.8336510691724851
A3DHS97DOBZDBW	1.0	0.6173375155124755
A3DI93NCPR9KJW	1.0	0.8551956117243223
A3DID289Y9SI5J	1.0	0.7638978346480028
A3DIPR56DLJMM8	1.0	0.7192599246159778
A3DIS5O83SQJWW	1.0	0.8955151598859616
A3DJWGTT4OZO5E	1.0	0.8618861318052268
A3DK8XW22FUZHE	1.0	0.8369338584835814
A3DKOZMYZZN6YD	1.0	0.9181795180205377
A3DLFHSYRIIXYO	1.0	0.8028516010648866
A3DLS92WG7RIC5	1.0	0.885375949968902
A3DLWM79HTEL3Q	1.0	0.957274182877284
A3DMBP3PG1PIU	1.0	0.9593390517886975
A3DMMQ97Y9CGTS	1.0	0.3941063572049588
A3DMRA0VAYNUA1	1.0	0.7912447021954023
A3DMV280O0TTTD	1.0	0.9489998373765824
A3DNA3WA32T5SX	1.0	0.6665531300376654
A3DNO6SQ4T23NA	1.0	0.6907585113158694
A3DO1Z69FZKSIX	1.0	0.7670425469542618
A3DO61ZDJHDYTC	1.0	0.7181477227262726
A3DOJP8SVPJR9W	1.0	0.8982369731648049
A3DP2Y3Q06RONM	1.0	0.862699098157133
A3DPACNQCR3720	1.0	0.9590325906376636
A3DPLI1WRLV8XN	1.0	0.6036913958301158
A3DPPZCPCLWWQH	1.0	0.8934810565494254
A3DPVXS7PH5RTF	1.0	0.8654371722140443
A3DQ3TYOUPXSQT	1.0	0.8304783803235692
A3DQC8T3IDD8LU	1.0	0.9371401111194249
A3DQZZKY6Y8TNW	1.0	0.8153477500915957
A3DREDU00ZVRU9	1.0	0.9556442890405316
A3DRID37UK1H3T	1.0	0.5741830989303666
A3DRJPP63AO6FO	1.0	0.5064136684190135
A3DRU4KMCUAS8Y	1.0	0.9345744979988031
A3DS8JLCR2TW96	1.0	0.9724219154038636
A3DSB4CQTP4KPO	1.0	0.8609808518101761
A3DSFZ2F8FXV20	1.0	0.7253267608072396
A3DSSAO8OEFHL2	1.0	0.9111988226970996
A3DTA67TT2PX9I	1.0	0.9693689652100911
A3DTBHM6QW06PK	1.0	0.4805601555941373
A3DTQF11RSQY66	1.0	0.8808771191454089
A3DU3EH9ZCQLCN	1.0	0.7199534412931408
A3DU6IJH1CEWNF	1.0	0.6902766909476167
A3DUZNMPU92EYC	1.0	0.9747035025557413
A3DV1QEB9EQCKV	1.0	0.9773398155100381
A3DV4N55ZTZN6X	1.0	0.9802337895714041
A3DVAS2J7NY1FX	1.0	0.8143860855146304
A3DVH1V41634MZ	1.0	0.8639206901080855
A3DVW87FRGKPHU	1.0	0.884580541501484
A3DW3LLE22PNZW	1.0	0.742805465743723
A3DW6QFSH0BV9A	1.0	0.9320194465301143
A3DWAEIYIBE0XQ	1.0	0.9321285674633519
A3DWUM6SN3N3NR	1.0	0.8490210429303487
A3DWXDQ1JGRHQQ	1.0	0.9554013646825287
A3DWY1CWEPGCYU	1.0	0.9270036427461856
A3DX6U24DVKTL3	1.0	0.8791051929221291
A3DX9VOI07ZTB5	1.0	0.9812221000928338
A3DXAN3QOSDH7M	1.0	0.9665848039509374
A3DXPVJZUWFFC7	1.0	0.6853952594963664
A3DYLNS3B1ZUUO	1.0	0.834016192311863
A3DYXPZ34Q45ZP	1.0	0.9522339146534743
A3DZCNEU21MB6L	1.0	0.9794137799993028
A3DZPRRXJ9DKV7	1.0	0.7314079676154209
A3E05UADFVQQZI	1.0	0.6853982910912128
A3E0962TERBW7F	1.0	0.8693352331819945
A3E0EMWPWTC0L8	1.0	0.8591842887160922
A3E0HORV9UYO54	1.0	0.7937663222565964
A3E0I40G5EF4TE	1.0	0.4643282257090082
A3E0PY30G1HTDV	1.0	0.915157150161913
A3E1ATMT6RVR71	1.0	0.7749951963236134
A3E1FUSLI79J9D	1.0	0.9539542964861457
A3E1H0BJS4RD0P	1.0	0.9051995685713227
A3E1JP2LAUZMQW	1.0	0.8963710084288841
A3E2FGR7OTA351	1.0	0.7167511101782974
A3E390VRJQVF2R	1.0	0.9095058970912219
A3E3U5CWQ5515F	1.0	0.816100220715549
A3E40QCH2Q4V3F	1.0	0.8223884004545019
A3E4AYPJHJOSWM	1.0	0.9572028898211575
A3E4LWGVX040KD	1.0	0.9733865734243189
A3E5C07OX5Q065	1.0	0.8549059963011856
A3E5CFU0IEGPDS	1.0	0.674673466820707
A3E6DRW9Y8RPNP	1.0	0.974092752107221
A3E7204FKCXYOC	1.0	0.9733865734243189
A3E75J8HJBON9T	1.0	0.9054060199544331
A3E7F2XE6MKT8M	1.0	0.976986726168587
A3E7IJHN8FB6R2	1.0	0.9144374089230346
A3E7NQ3177LLXM	1.0	0.6731895665504847
A3E8BJNH4KXEY	1.0	0.8255657402273898
A3E8O35KYOUKGY	1.0	0.8973129026723665
A3E8TIW52E6PN	1.0	0.9768306072624524
A3E98R6OJVOWLX	1.0	0.7437913453688432
A3E9C01IXKQMAV	1.0	0.9661862679357827
A3E9CJFN8V6PKR	1.0	0.8525769062277005
A3E9KQ0H2QNH33	1.0	0.8820299549235895
A3E9N6Q9MADP8U	1.0	0.8520399961848496
A3E9RUWKRVT9MW	1.0	0.9762805474856849
A3EA57X0MXE0RD	1.0	0.6806347607610468
A3EA5QL7OMHQ60	1.0	0.8189077440881004
A3EAS9100DEXZS	1.0	0.8592975338752141
A3EAUMXSOOSET3	1.0	0.8843676689927139
A3EBK445KB31VD	1.0	0.9023835793628322
A3EBZFQVW6OTQJ	1.0	0.8172065968892182
A3EC00U6KLBXAS	1.0	0.7199737687183976
A3EC0BRSCV6YD3	1.0	0.960937157412427
A3ECN9XS1JKK20	1.0	0.9152056167245712
A3ECT4Q8X1P47E	1.0	0.9303061087069661
A3ED5PM1M4VJML	1.0	0.454241335207117
A3EDHIAZO0YL8B	1.0	0.7459245194321085
A3EDOCB2CUGDF9	1.0	0.6752795837303829
A3EE0H0NWQ9QVL	1.0	0.8657216556849228
A3EEKCGMZ2UQUE	1.0	0.9626052700097057
A3EELYFJCAVRJF	1.0	0.5624632107216088
A3EEV8GWEUEQ8G	1.0	0.9252862267320948
A3EFMVEXPXTETG	1.0	0.8505269782097346
A3EGHC6CHUETA8	1.0	-0.19193593848343454
A3EH56SI92GWCE	1.0	0.9723273053999657
A3EH926LY1R9R0	1.0	0.9689241230910141
A3EHAXZYOIX64I	1.0	0.8659533483676216
A3EHHUDXBDKLFX	1.0	0.745964990384741
A3EHS1XOZBV599	1.0	0.8747005700533153
A3EHWONT5V9TY0	1.0	0.9224179933934299
A3EIB2LTI62OLF	1.0	0.7370720811500162
A3EIJANTSZLJRJ	1.0	0.9116450941989963
A3EISFBTLEQC69	1.0	0.8640710244505726
A3EIZK75MVS8W0	1.0	0.8207421769463298
A3EJ8W6VL969LF	1.0	0.9733865734243189
A3EJBR2JOAOU5K	1.0	0.7801192021485733
A3EK76KKEJMIZ2	1.0	0.8364349644392426
A3ELCWAB5LG9BV	1.0	0.6949009734093843
A3ELGT0XHC8QR5	1.0	0.7489826666923183
A3ELU5JNWFZIU0	1.0	0.8924753769104045
A3EMC1ZSVGEQV6	1.0	0.9271972827687753
A3EMTICWWRL6XU	1.0	0.9362639890547098
A3EMZPA33ZBVHY	1.0	0.9328278488424017
A3EMZRRKLCCST7	1.0	0.8760427921462282
A3EOF1IQ3I1DDG	1.0	0.9133125041258715
A3EOHVA6CXW0HR	1.0	0.9540941224216419
A3EOYPNWMICVPL	1.0	0.9259885199248706
A3EPCM1NK839XQ	1.0	0.7322202482139718
A3EPIX8BBBA5K2	1.0	0.812704975130715
A3EPN3JG39ZY3U	1.0	0.6932709784348807
A3EQ94S0KZ9HMP	1.0	0.9335450135097586
A3EQA15M316X2H	1.0	0.9488888954049765
A3EQBPDMK0IM4M	1.0	0.9451241890695503
A3EQJMPU7YQY60	1.0	0.9331868690337057
A3EQLH3KZQ40ZC	1.0	0.8800024223524872
A3EQU08OQH4NUV	1.0	0.9410885201963564
A3EQZCOACI91CP	1.0	0.953973452337174
A3ER6ARJ23CIN8	1.0	0.7199737687183976
A3ERMX3LZVWM98	1.0	0.9157841295160289
A3ERTFI302EXD3	1.0	0.9057866477000236
A3ERVR3S8BL7CS	1.0	0.957107541542432
A3ES4BLVOK2TQ8	1.0	0.8015511614939012
A3ES4ZGTF6JI85	1.0	0.931054788509659
A3ESS6D5Q11U5V	1.0	0.9446546107999314
A3ESTWDBNOUJQ7	1.0	0.905390712341752
A3ESW0RH1J7ZZY	1.0	0.8215432388119132
A3ETA5EYI07GO6	1.0	0.8734612275902351
A3ETIG0TZBITRZ	1.0	0.9525940592709976
A3ETLOVC44ZH9S	1.0	0.8931112229314789
A3ETUBMI2F5I1G	1.0	0.8358181812312162
A3EUB0FPVQEXRB	1.0	0.6391335108254209
A3EUSH8DPW75LR	1.0	0.9668720066887707
A3EUXTG2UR21BB	1.0	0.9328894945466717
A3EV1YFMIHBY3P	1.0	0.8784453935721166
A3EV2X0J4Z77MW	1.0	0.8120799164673905
A3EV8TR9VL1SM1	1.0	0.9920935158285616
A3EVTMHL9S7SII	1.0	0.9152056167245712
A3EWJIHDBGC9BS	1.0	0.9368427366323909
A3EWLA1F1HFM7M	1.0	0.9252293427265759
A3EWYJXU7V4VA0	1.0	0.8384611363365648
A3EWZTGACNYNM1	1.0	0.87675849103635
A3EX8ZFNVDHGPM	1.0	0.9148495689887816
A3EXGC5J1UPS7F	1.0	0.7529655988584402
A3EY92BQXNQF96	1.0	0.8859849249889535
A3EYGQBVP5QEQN	1.0	0.9142805889228091
A3EZ7DIYBLOZRX	1.0	0.914505792271449
A3EZOBDMR7DHL6	1.0	0.8357904029554892
A3F0ULQUILFBFD	1.0	0.776626218550487
A3F0YISZ2Y01BJ	1.0	0.9130748383987999
A3F283LN9FEJ5Q	1.0	0.9701613889457719
A3F2P680WTMMU3	1.0	0.914737406225986
A3F2SD34OB4N9A	1.0	0.8915690625174346
A3F2TT3VSQS9W8	1.0	0.9502318278936536
A3F3B6HY9RJI04	1.0	0.9355022566198881
A3F4C35NJBFCRE	1.0	0.9418552467424632
A3F4JQI5W9ML9Q	1.0	0.909240519774366
A3F50LFO6BMLPQ	1.0	0.7416946184524623
A3F5INX7TZY7A8	1.0	0.597595296328374
A3F5QY6SAE6R5M	1.0	0.40431205706657974
A3F5R3EG9QX17L	1.0	0.897853367273696
A3F5WI7L94U26D	1.0	0.8086398320377205
A3F67YZNFDY6YI	1.0	0.7534198156659307
A3F6IZZ6LSBG0W	1.0	0.9202386500348214
A3F6JCI81DIQBS	1.0	0.8239250010172403
A3F6KOXFEYZO0C	1.0	0.2930774434538287
A3F737Q4ROO9I5	1.0	0.8985270323308694
A3F7GDQWXPD9J6	1.0	0.9520714046072153
A3F7U41ZW2FPE8	1.0	0.9464007688049295
A3F80BH2HRE78J	1.0	0.9548255566138957
A3F8NYVKJMJW53	1.0	0.7640210130922387
A3F96VJ21OC6BX	1.0	0.9301847404931014
A3FAD0SKR7VCU5	1.0	0.61816012108381
A3FBUPRCGDQUXM	1.0	0.5563882092794113
A3FBWV1P1U9HJO	1.0	0.8311734869742432
A3FC3FC7OGI0T6	1.0	0.6796878457829296
A3FCYI00KYG3D2	1.0	0.7697287430263553
A3FDGP2D7NFXWA	1.0	0.855009044084191
A3FDMLSNXKTKZZ	1.0	0.8262601323949214
A3FE2DCZPL6VKF	1.0	0.7967898689473851
A3FEDF7G0UYG6V	1.0	0.9330787145544674
A3FEQ2XPN1PVI2	1.0	0.8825180448589423
A3FF5EW8C6TTSP	1.0	0.9085518009900181
A3FFHXQHQ3D3GG	1.0	0.9733222072958103
A3FFYYZO6T5O89	1.0	0.6162444803633353
A3FG51WL7BP7LN	1.0	0.9195234456461824
A3FG734TV97XXB	1.0	0.880576211739541
A3FGC1XUNXXREW	1.0	0.9762805474856849
A3FGP7ATZH2I09	1.0	0.6877394946218277
A3FGVHMQP35L1Q	1.0	0.7995378049462982
A3FH0DCOBXO7C9	1.0	0.916491488563039
A3FH778C1VK349	1.0	0.825471130223492
A3FIKQ3H7O9HYM	1.0	0.8283077351293099
A3FJ0MBW1PZOFC	1.0	0.9303061087069661
A3FJ3QG07BIDXY	1.0	0.9427381843636445
A3FJ4KBZ9YILTW	1.0	0.9265845877488333
A3FJ63SPHIG9U3	1.0	0.9586328731057953
A3FJG1T0WZD9P7	1.0	-0.20230689661175025
A3FJMMA6SD39B2	1.0	0.7194484492020142
A3FJNDAXH04LGZ	1.0	0.8179170339005559
A3FKC3D2NKAX6N	1.0	0.8813761376729877
A3FKFI7E9EZUXC	1.0	0.882647351766047
A3FL3Q3KATBV4D	1.0	0.9269211342851071
A3FL6CIO8QIJ2F	1.0	0.7978230775554606
A3FLDFZ1LJMWRZ	1.0	0.7088307336906751
A3FLOJHVG0ECW8	1.0	0.9580736883555829
A3FMK9AONYHNTU	1.0	0.8857811744616227
A3FN03XD1O3KNY	1.0	0.8592156029579519
A3FNKUFTIN71WI	1.0	0.9132860146887124
A3FO0SBKCUOPYS	1.0	0.9037076539385316
A3FO8T67YP7ZSH	1.0	0.8251130810606565
A3FOKWV603O0XS	1.0	0.630830909077252
A3FOUG3EG0ID5N	1.0	0.899632081984857
A3FPRP3XL2NMM0	1.0	0.8972157057713013
A3FQ9WYUHG9CD	1.0	0.7591309102104685
A3FR9WNYDU7Q4O	1.0	0.9618799365086124
A3FRLXC1Q86LFU	1.0	0.84854608256709
A3FRR7PAGN546J	1.0	0.921183208677628
A3FS251XM39UPM	1.0	0.6980958752719454
A3FS34ETBO665M	1.0	0.9456759016910714
A3FSDPS2Z2XK8X	1.0	0.8924177663431648
A3FSLTY9PLKGIS	1.0	0.9469083124617057
A3FSMMWJR8FNDD	1.0	0.9118887774305864
A3FSMU9YNY4KPH	1.0	0.7416056316600371
A3FSR7WRSEJSSB	1.0	0.9168790925515509
A3FSS9D6ROS9K1	1.0	0.7923650058813129
A3FSTZTVQ8PSU4	1.0	0.7443707389791353
A3FTHZ0GX1OPKL	1.0	0.6831740387033187
A3FTZ47MNKO1CI	1.0	0.8194288550489172
A3FUMRZ16LQUAL	1.0	0.9262971351801922
A3FUUNY86S1XDB	1.0	0.8471666566929985
A3FVAWZNKW9GX	1.0	0.8521491939661509
A3FVIAKRZXNEXN	1.0	0.9501391861701786
A3FVN1L4CRY1UZ	1.0	0.5496340652915048
A3FW9MANA9ET1M	1.0	0.9317115940058457
A3FWCBL8X7RNCH	1.0	0.8577774899001885
A3FWLWQC0PEGHX	1.0	0.7352074310149246
A3FXA543G1N8BG	1.0	0.6766635953335348
A3FY3H6F4249E0	1.0	0.4871989694391269
A3FY3S8KMC5X82	1.0	0.863112752675815
A3FYFYXAK79KYJ	1.0	0.949964391108093
A3FYNHJOYS5LZY	1.0	0.871976173824727
A3FZ4NE1C45RU	1.0	0.5755937762024859
A3FZE80Q37EE2G	1.0	0.7374195711866395
A3G05IEEQP0LHM	1.0	0.8448145308474733
A3G0EB0EHTDYYY	1.0	0.8591641331492449
A3G0U21VBD724P	1.0	0.9276386992551733
A3G0ZFHPV5TM2Y	1.0	0.502330447474331
A3G0ZHP2X2FUGC	1.0	0.9825495451698742
A3G10NPD661EQD	1.0	0.8308152275692376
A3G1KN1WGFLK7U	1.0	0.8580720000490278
A3G29YZA25BVIC	1.0	0.8192741575818554
A3G2DTV1E8E0AM	1.0	0.891034041883886
A3G326R9YCU7MR	1.0	0.8205430181825162
A3G3LITI9EWHPM	1.0	0.8699324750515531
A3G3WDBUUFRI3	1.0	0.9134116474558446
A3G3XO6IDVMC7X	1.0	0.5837760007491603
A3G429BN3IMYD9	1.0	0.8564849389779166
A3G4NBGMZA1Z9T	1.0	0.9697864206800508
A3G53OSKOX59AM	1.0	0.9600239855502207
A3G5MOHY1U635N	1.0	0.9772688580071147
A3G65NRMGS69YY	1.0	0.9236854571694542
A3G6F9P47FPCIG	1.0	0.8833018885718374
A3G6G5BJ67W1KP	1.0	0.8893227664894825
A3G6GVM7EZP2C5	1.0	0.941052691486593
A3G6IKGM9O3WH5	1.0	0.9230800710229873
A3G6QZJBB466TC	1.0	0.8631217663314071
A3G6Z28R3RIMUT	1.0	0.7752802852448011
A3G70MTCD6HIIW	1.0	0.9630102659065798
A3G728TJ3FQNUB	1.0	0.9743512314447742
A3G72G1NWSMS31	1.0	0.8965085149244845
A3G7W2G0JTSJSP	1.0	0.775611301152985
A3G85GK9R259K5	1.0	0.8805735318689617
A3G8QF7A6RMI8I	1.0	0.8567423365597684
A3G8TUSMOASPSB	1.0	0.5609177097387664
A3G9177XXYQVY4	1.0	0.9524741162424105
A3G9QIRBU6S5YI	1.0	0.7294555349335112
A3G9RA2915GCDY	1.0	0.9822577156162126
A3G9ZSGILRWPUB	1.0	0.8306134795529532
A3GAS98T276O1E	1.0	0.9477497958973244
A3GB0U4NWQRWC9	1.0	0.9535061084560544
A3GB738D4KYKB	1.0	0.9597430362662449
A3GBMQNNA7HZK3	1.0	0.90434675193008
A3GC143OUB4Q4D	1.0	0.7792473248122826
A3GCPQMQCM0DQU	1.0	0.958098284736935
A3GCUFVZ0RKIB4	1.0	0.7646428894389397
A3GCYHKPKQGWMM	1.0	0.6163592222927373
A3GD5JYLI2WZG0	1.0	0.8445524279628247
A3GDBYGL18AK5	1.0	0.9300498305638325
A3GDFQA7P1FB4X	1.0	0.8633613472838517
A3GDL66J6CXWAH	1.0	0.8311678646886579
A3GDTIM2SX2I30	1.0	0.7618305787771761
A3GDTKYUXGVHLL	1.0	0.8625572763646667
A3GE4G81PHSREV	1.0	0.9640947463385576
A3GEVXO51FW5DU	1.0	0.8580617249297008
A3GF6G1G93VHK0	1.0	0.7996584923346108
A3GGA163GM7VX7	1.0	0.7043678260112143
A3GGFS4WU3MB1T	1.0	0.6261719289780953
A3GGKVDQM7E4VJ	1.0	0.9424886943457376
A3GGNJ05YUT888	1.0	0.7744891652962258
A3GGV8NCGGJS3C	1.0	0.6681576485679552
A3GHSGL9LY8VYG	1.0	0.9478456733048873
A3GI0C8DD9BLJK	1.0	0.9304395908383615
A3GIEMJF0B98G9	1.0	0.8566340599512153
A3GII0H5YZRMYE	1.0	0.9771152572289783
A3GJ6CFWN47N0U	1.0	0.8559513819841597
A3GJZ297PPRFPA	1.0	0.8633176366624427
A3GJZPP0S4M4BT	1.0	0.9209351582856163
A3GKHM7L8TX7VH	1.0	0.9536203629957231
A3GL652PKAUL78	1.0	0.6777674646132958
A3GND8B73HILR9	1.0	0.8839825175426844
A3GNWOJTYIAHIK	1.0	0.7752458958537609
A3GOA7BEOWRILD	1.0	0.7539157746834785
A3GOYLTL7JUGQW	1.0	0.9090754320284588
A3GP0OT1V0LFEG	1.0	0.8769953585594807
A3GP3LND98D73V	1.0	0.9486078528856506
A3GP5YP52BD4EX	1.0	0.8179958706689213
A3GP6K6OLMVJ6V	1.0	0.8672570438884937
A3GPHDAC2CR5JZ	1.0	0.81572643428762
A3GPLPIHL36TPL	1.0	0.7950381661878628
A3GPR4SKRP0QNR	1.0	0.7666516448237013
A3GPUENL9LWO7C	1.0	0.6831846369302592
A3GQVNOZWATH0L	1.0	0.9750489037941649
A3GRLG63L13IJR	1.0	0.7533516187674283
A3GRNRNGUSFNNN	1.0	0.7778827430794324
A3GRU6DYI1O9K0	1.0	0.8062464397951953
A3GS5WAQVO4CFB	1.0	0.7929819990741456
A3GSULO9NWMFN9	1.0	0.897588974301216
A3GT1C4LS61VT2	1.0	0.7354875337656053
A3GTI1Z7YE49ZS	1.0	0.9881402737428424
A3GTLP6LHYPERO	1.0	0.8110646831795983
A3GU5YTM2N686N	1.0	0.7606955439842971
A3GUVDFH02HH4G	1.0	0.9121049839155964
A3GUZIX0ITZORF	1.0	0.8088290661994412
A3GUZMGGYL5BVE	1.0	0.8980657928204843
A3GV59RYIDZW9A	1.0	0.8535813999212614
A3GVAWDRDIV7IR	1.0	0.9417606367385655
A3GVG9FOZVEEMG	1.0	0.8808305336155886
A3GVOT9W6DN120	1.0	0.7314448102013121
A3GWEBFBW6ZO05	1.0	0.698171586505718
A3GX0PBJ73KJA5	1.0	0.6477400826081158
A3GX41GDGWWPTD	1.0	0.5897233039517711
A3GXTW4OYQG1CG	1.0	0.9270085232538469
A3GY1UJ2IKS7V1	1.0	0.9412375018533207
A3GYWZE27QBMY7	1.0	0.8335238751263467
A3GZ1LI58E56P5	1.0	0.9171470039458044
A3GZ3KLGGNFXE2	1.0	0.8936931343762624
A3GZXRARAG06TK	1.0	0.795239570536691
A3H04ZII3F1IF7	1.0	0.8189964530558872
A3H1AIYIU1BX19	1.0	0.8244109301623036
A3H1YK5X5URUAE	1.0	0.6228948614996009
A3H1YPKLPLWALL	1.0	0.6835193606573192
A3H24S5BZ1AU8N	1.0	0.9728773651767333
A3H2L7G1EK457N	1.0	0.935774793948132
A3H2QEDKUC6WHS	1.0	0.9108273213083308
A3H31XIXOV0K7O	1.0	0.7649982183990295
A3H3RHSUWQK5J6	1.0	0.9218558476108712
A3H3T9J8DWKO3A	1.0	0.7490924845812018
A3H4BQD3T1ME2A	1.0	0.775294923464762
A3H5JTLT8Y5DKJ	1.0	0.6586833453718902
A3H5KBH5VROQR8	1.0	0.8506973316049811
A3H5MDZAMQV545	1.0	0.8371209147966091
A3H5P4MFH2ZR6W	1.0	0.748996409364166
A3H5URUD1I123R	1.0	0.9234884007595036
A3H5VVDA5XCGRF	1.0	0.9209351582856163
A3H6BMZV1CXWSF	1.0	0.9288284679104624
A3H6GDGN78U3NX	1.0	0.9654800892528805
A3H6SDMOY3EEFN	1.0	0.8087873106525284
A3H6V70N8SCUJ4	1.0	0.9647739105699784
A3H6VKQ9UU6IHQ	1.0	0.9101015418988903
A3H6X2WJSWZNIO	1.0	0.7806625743029114
A3H7DVRC2QLH6S	1.0	0.8085415247007139
A3H7JUOGF58MJP	1.0	0.8981096357386913
A3H7MCCVL5Z73D	1.0	0.022833051748343082
A3H86RL7TI6VVL	1.0	0.47816542292263303
A3H87QUO8RWZ2R	1.0	0.9340356688549246
A3H8V2PY6FV1JA	1.0	0.9635507732119699
A3H8VIAY2WD5P7	1.0	0.40758134716550953
A3H8Z1AUAV4H4C	1.0	0.9674094052937913
A3H987YK12861O	1.0	0.8727316748953972
A3H9Z1C70P4F17	1.0	0.7500273239415747
A3HAH82TEIAW3C	1.0	0.7867163627986191
A3HB1ZLHYC1RBU	1.0	0.8131721244905006
A3HBRHZ68E9FPG	1.0	0.885867428226017
A3HC6QAZRFYV0C	1.0	0.834782724265819
A3HC9BXPMFP3SA	1.0	0.6353253048045664
A3HCK3UXD6WS4G	1.0	0.9334424101782376
A3HD1C4H9TXL79	1.0	0.9716938106128777
A3HDNSPMU0IAPT	1.0	0.912798930897154
A3HDQAHQI0LOP0	1.0	0.983222373636668
A3HEFDE1G20YZX	1.0	0.9075245560031395
A3HEQJWSLFXGKM	1.0	0.8878598680119343
A3HEZUNJXUSHK1	1.0	0.8291658929716579
A3HF2RDIOIQPG8	1.0	0.9807838493481716
A3HF7NQKOPQFGY	1.0	0.9355546414702152
A3HFA7X0EDGDDD	1.0	0.5991478841643372
A3HG19D7GS4SX5	1.0	0.753879161295913
A3HGX7MMD6BFL8	1.0	0.9697744941401568
A3HH9T080T8E2Z	1.0	0.6014727381630858
A3HHE336HO4C9R	1.0	0.8577445657753069
A3HHLQYFPJ9AQ0	1.0	0.9597787772557116
A3HISVPHKACNFE	1.0	0.8211598389749374
A3HIUWKL4D853W	1.0	0.9492839972232874
A3HJME6HNO3MCM	1.0	0.9386214417715426
A3HK10D2JNTXLB	1.0	0.8047680853234872
A3HKDSD17SU4NF	1.0	0.8772504510028402
A3HKL2VKMQREWN	1.0	0.911279536360673
A3HKZUYY11QXV7	1.0	0.6212567546068456
A3HLU5V8I5OTA6	1.0	0.83589425294072
A3HLUURIK5G0X	1.0	0.8346213954938908
A3HLZCKOLEFOW7	1.0	0.9515925585731844
A3HMJ97JWEEG3S	1.0	0.9723273053999657
A3HMLZWNNCWEZA	1.0	0.8910629693405545
A3HMMSR4T28MZA	1.0	0.8271996554693812
A3HNPEFZFFLUHY	1.0	0.9579081987300546
A3HNZF33401OG9	1.0	0.7836123344329026
A3HO0XCG4KZ16R	1.0	0.8911301164744665
A3HO7QSLWRV4XM	1.0	0.947919050998554
A3HOMAS5ODFCW6	1.0	0.9185247793962175
A3HOY8XWU1CMAY	1.0	0.9005160644319066
A3HP2DBTKO6E5T	1.0	0.9497617309139017
A3HQ4QMJ8JUDUW	1.0	0.9848932103400253
A3HQA1A25EPELT	1.0	0.9069018033987688
A3HQH5JQY7QJWB	1.0	0.7489069870195018
A3HRD744QHHEYC	1.0	0.6086104755323241
A3HRMELB7XKOT2	1.0	0.8067493235910587
A3HRXL1IM2P9F3	1.0	0.5760924223882578
A3HS8AVA1X0Z3Q	1.0	0.9368787056117676
A3HSK3DR0JI2RV	1.0	0.9106903887207459
A3HSMSBIBX3B2T	1.0	0.9393558726318745
A3HSWCMRM8JI5U	1.0	0.7947604727040747
A3HU0B9XUEVHIM	1.0	0.9072771718444024
A3HUOADU4X44NE	1.0	0.7918056912560465
A3HUV4LNLMXW7V	1.0	0.8896876616154543
A3HV8YC45Q9MPQ	1.0	0.8998913909984851
A3HVFPZ16DO82Y	1.0	0.9458084888281825
A3HVGZQY0CHRMI	1.0	0.9841870316571233
A3HVM1Z61ZBIWH	1.0	0.8898504450995788
A3HW8DOSD2P7V4	1.0	0.6356482551275388
A3HWV92X29J42	1.0	-0.28809906619098474
A3HWWGAWVO1PH7	1.0	0.9219612681560478
A3HXE0IU8D8QSN	1.0	0.8215381233597792
A3HXGSMCIOZEW8	1.0	0.9554886518450275
A3HXS0AZCZEMYR	1.0	0.8132533548034989
A3HXWRUUMFDTQT	1.0	0.7888219683650955
A3HYDTT5G4UA6P	1.0	0.9224513145966179
A3HYIJ695U0QKL	1.0	0.7673749467326739
A3HYKX7GEXOLPN	1.0	0.6789933950626097
A3HZ83WCZBZH3M	1.0	0.8811142248334396
A3HZB27SZESIZS	1.0	0.8133776169358293
A3HZEYCYW9EUWM	1.0	0.5020204529910006
A3HZSTAQW8IDYM	1.0	0.8910815783213675
A3I07VIFV2J3IA	1.0	0.8257429752866682
A3I0CQIZIS2VKJ	1.0	0.698257215652247
A3I0LR65EUVTTL	1.0	0.6195123364616897
A3I1DV06YIICNO	1.0	0.6718350737807135
A3I1JWYCQ076FF	1.0	0.7787427211382887
A3I1L5E4LEZ9RV	1.0	0.9050422761635745
A3I1VYV6NN83WR	1.0	0.7123228792304955
A3I27RSPOGWCXA	1.0	0.6389312606518734
A3I2CD0A4A9TBP	1.0	0.9369379227523623
A3I2VQYRRCN9IV	1.0	0.9794661019862652
A3I36OD2IZPXG0	1.0	0.7009723365054159
A3I3QX47Y1XMG7	1.0	0.9723273053999657
A3I4151MK35C46	1.0	0.9395787591813426
A3I42IM47LO0PP	1.0	0.9622959643173682
A3I481W88M0JJ5	1.0	0.9087205754366006
A3I4IHCR0HZSGM	1.0	0.9140352913920404
A3I4O8QVBE3WYY	1.0	0.9374459756736739
A3I4U47E2FB343	1.0	0.9515086779028279
A3I547DTBYKPKO	1.0	0.9056692133286718
A3I55TWHKG8BDW	1.0	0.9401471533531195
A3I5ISR9MCUH5B	1.0	0.8438024326634719
A3I675GA2O8I59	1.0	0.9069941789910607
A3I6CQZ2EY087H	1.0	0.9571951935674273
A3I6HQ9PWDH0AQ	1.0	0.9502580322159533
A3I6JKW89COASA	1.0	0.6506615354296609
A3I6MAEBKUJKX2	1.0	0.7892716606902711
A3I720WL7U7S26	1.0	0.8784796393288933
A3I73QMJPPMZ3Q	1.0	0.6558284893809846
A3I7J6H0FSZQIW	1.0	0.8572652220552069
A3I7P0TSJHGOVK	1.0	0.8221041061426367
A3I86XIBC9E0I1	1.0	0.9802337895714041
A3I8GC0R44ON1L	1.0	0.8581696665246435
A3I8NB5TBQ0XFQ	1.0	0.04837267167706248
A3I8ZLZS3881LN	1.0	0.7349086855426001
A3I908JZHGQ3OP	1.0	0.927306267286777
A3I9BI99P1MG5L	1.0	0.916292759760659
A3I9Q7TS5FQY0W	1.0	0.8891201706572339
A3IAD1Q7NT0HSR	1.0	0.755827706099673
A3IASJ1JCMJYPG	1.0	0.8833385033021139
A3IAYE5X4Q6Z56	1.0	0.6393249184323491
A3IB1W0SVED0Z3	1.0	0.9459533175150475
A3IBMX64SROHOM	1.0	0.8981132090908652
A3IBVQ8MOW7H89	1.0	0.957614456610624
A3IBWLDUTD72Q9	1.0	0.8512129928561982
A3IC5E3OFHYAZX	1.0	0.8604490844602984
A3IC7QB5VGJ0CC	1.0	0.9084210713926677
A3ID8FK8DJVFQ1	1.0	0.8265303982478451
A3IDH6J4UI7D9N	1.0	0.8606598511866889
A3IDUCWU17991B	1.0	0.6261600366729
A3IE9HT3TAOOJ3	1.0	0.7720861266547219
A3IECBAMQJ47NH	1.0	0.8882617798140372
A3IEGSMH1YZJX	1.0	0.9167745668324742
A3IEW4RGGK9HEE	1.0	0.9446875750995591
A3IFB8K49KR4VV	1.0	0.9104195448880242
A3IG4HHH9WMO3N	1.0	0.7463696018409485
A3IGACEI4E0E8J	1.0	0.9686047714131447
A3IH5L48F016GF	1.0	0.8057631769672771
A3IH63KGFZNE1L	1.0	0.5744512826614561
A3IH7TYUTZCPRU	1.0	0.9572392636533336
A3IHTXYLWQWGYN	1.0	0.826133400250777
A3IIO38JUX49QS	1.0	0.9881402737428424
A3IJ3QC004MO1M	1.0	0.9107716194059566
A3IJ5MTU267RJ8	1.0	0.8846145033684661
A3IJN3ND4273DR	1.0	0.917482048502815
A3IJPUGITODKFH	1.0	0.6776696427741277
A3IJW6L36GY6UZ	1.0	0.8898230216892237
A3IK65PO15GCG0	1.0	0.9520895829699672
A3ILAQLFSIQEQR	1.0	0.9253579786409544
A3ILDSCEJJWS9I	1.0	0.8658501305372225
A3IM4OMFKARH9L	1.0	0.9432055250468048
A3IMXOPDJ0KUN3	1.0	0.7406558919941119
A3IN19C0SSQDTF	1.0	0.9263159152078827
A3IN5CSV88HWSK	1.0	0.9115839294358012
A3INKLJ96AETCZ	1.0	0.9226812762705264
A3IO0SY5KVTAH3	1.0	0.9338541525671271
A3IOL8Y33RV29I	1.0	0.9676063757291077
A3IONGAOD5X1RU	1.0	0.8789734769457396
A3IP4GMZYNKCF6	1.0	0.9533585899843136
A3IP7P59KKM4Y9	1.0	0.6857329380251317
A3IPADSXYJCYNK	1.0	0.6232507289258696
A3IPB87ORLH4PA	1.0	0.8599117383551727
A3IPDAGPFGP1W7	1.0	0.9662081468600526
A3IPEYGDN9PBB	1.0	0.7201210981840726
A3IPRWWL1ZOTR4	1.0	0.7417939426391392
A3IQKFLWM6GN89	1.0	0.6087808550647367
A3IQQ6UK68UW81	1.0	0.9122155353731314
A3IR01YT9EJ3LE	1.0	0.7947227912835866
A3IR5M75J6MDV4	1.0	0.7550455076196994
A3IR8E0NKWNCP3	1.0	0.9471082514788182
A3IRA84P3Y88SC	1.0	0.9049065542778455
A3IRAA9JD6HBO1	1.0	0.9240263257946334
A3IRFQ88PFQC08	1.0	0.88747451556285
A3ISOG8NBHAJYB	1.0	0.8860232495563523
A3ITBTVOG3POYJ	1.0	0.8827458354644712
A3ITD2FDGPB5CR	1.0	0.9618680099687185
A3ITZ5GXB7GUXO	1.0	0.9027008612949811
A3IUCGFLQW5WMC	1.0	0.8749977653678019
A3IUDYSAD6LCA4	1.0	0.9532589440165508
A3IUG33AXDAZMJ	1.0	0.8154918406308728
A3IUUVQNTVLS93	1.0	0.9045571564864086
A3IV1QDO6CEEG1	1.0	0.8022524556879711
A3IVWXZ4R20JFM	1.0	0.890229752462173
A3IW02VPVOCNFG	1.0	0.9400754593328867
A3IXKQ1JLZQOU7	1.0	0.8319394271436024
A3IY9HIAMJQ7HL	1.0	0.9807838493481716
A3IYC3S5QR5JP9	1.0	0.7540103846873764
A3IYKY1SD86JXA	1.0	0.928066204444395
A3IYLLZ0T0TTVV	1.0	0.8560529104642605
A3IZKBTSEJO70Y	1.0	0.8358563299458067
A3IZOVD3W610TH	1.0	0.9762805474856849
A3J03ARHZOKZEM	1.0	0.849315204610254
A3J1R3MXPTVND7	1.0	0.9013467985353353
A3J1YOQWMWU0UR	1.0	0.9521438218471264
A3J23ABHMRGN4S	1.0	0.9646244836400677
A3J28ZZZN1XTQJ	1.0	0.8617818383520072
A3J294R1PVVFHD	1.0	0.598842736190535
A3J30PO1CLMMD3	1.0	0.9566089470609868
A3J317LMR3IKFV	1.0	0.6733323770834271
A3J35A96WK82C3	1.0	0.8992391229588819
A3J3A1HDOJ24VH	1.0	0.8190406028006276
A3J3SVCW5WFP50	1.0	0.7039786168385749
A3J3Z2JMYLB45X	1.0	0.9812930575957574
A3J49L4HQSOK0E	1.0	0.8840864362181055
A3J4DWT67PANGE	1.0	0.6743873406861631
A3J4T4KEOO2KUT	1.0	0.9007133768364417
A3J5ESON0GBJZE	1.0	0.789279910667101
A3J5XVOEZQ4QWY	1.0	0.865678354246797
A3J6269IQ4QGQG	1.0	0.8102443798854791
A3J74IC5X508RW	1.0	0.8772597857750943
A3J76MSP6I3WMF	1.0	0.7970394571670251
A3J7A8MVZ9XDMU	1.0	0.8133559157295353
A3J7D165533AO0	1.0	0.8665744364280309
A3J7DJT85MORRC	1.0	0.860252947084647
A3J7LL0YR9P2GZ	1.0	0.9645154312324252
A3J80VO9FWIZ2O	1.0	0.8865263373718579
A3J84HFTKHHJYT	1.0	0.9270335412536959
A3J8A5L5AF5TX9	1.0	0.8908451493428441
A3J8I8XLN6T0QU	1.0	0.8280338587167084
A3J8ICDBZY3JPA	1.0	0.9104185300645055
A3J8SZL4IN1D46	1.0	0.7962295749579178
A3J9A3S87VFMLM	1.0	0.9311759381325223
A3J9UQXMZRWW0O	1.0	0.9723273053999657
A3J9YG8IXH56HS	1.0	0.8650637593844445
A3JA3DZMA6I39V	1.0	0.34516240584760643
A3JAR8K4EF94ZO	1.0	0.8221041061426367
A3JB97XCAKPIQA	1.0	0.810863444746315
A3JBR9DMKUWIWV	1.0	0.7890751885187134
A3JBVVK5KB2U1S	1.0	0.8375399170264713
A3JC3UV1CKTKYG	1.0	0.9834193440719844
A3JCIR0UYQ707J	1.0	0.8636887467406915
A3JCL23H9L9EP7	1.0	0.928544388390094
A3JCQJKCD9OR0K	1.0	0.9532331514011525
A3JDG0O4NCB98I	1.0	0.9772754493815294
A3JDJ9FI2FHPJU	1.0	0.8516636371671006
A3JDNKBE01T3EH	1.0	0.8625702455938775
A3JE7WSD6ZUVA7	1.0	0.8568864156871792
A3JF2ASM4YJYU	1.0	0.7113270406009684
A3JFFK1W8N1SS4	1.0	0.670544336481611
A3JFOY3GJIZBMY	1.0	0.40040770600760167
A3JFT6VS7P0N4P	1.0	0.8086702063351241
A3JGWGW48QBX6M	1.0	0.8090719438757513
A3JGY8WYUZBU6D	1.0	0.6056790371229777
A3JGYIKK05O68T	1.0	0.8440951578616002
A3JGZTA25MYGWV	1.0	0.7416611635313077
A3JH1L2JTX27EX	1.0	0.9011051426183941
A3JHNVDV9OZGO5	1.0	0.9611737578257102
A3JHTJ2X8G2SK3	1.0	0.6745020788322745
A3JHTWMLK24DV2	1.0	0.906871742593987
A3JHUTANUWBRU6	1.0	0.8336523800632823
A3JHXQDOG4T1P1	1.0	0.7795154071701527
A3JIH8AAZLQQ4O	1.0	0.7729834555955344
A3JIQ0O9PVMXIO	1.0	-0.17470906265576117
A3JJ21YCMGSKGH	1.0	0.8834283913385201
A3JJP65Z88N6DO	1.0	0.9213771528205027
A3JJXSGXQIKOAS	1.0	0.857966383390576
A3JJZZ6HAM9FAQ	1.0	0.9717157367209615
A3JKDMJZQKBTPN	1.0	0.9320194465301143
A3JKDSSLD2H1M1	1.0	0.831478210828676
A3JKIAA5R7NB1F	1.0	0.9579147678829992
A3JN0FL05HEOHM	1.0	0.9396489516456703
A3JNCR64IXN81L	1.0	0.7854078728986886
A3JNCW8DLJHNAQ	1.0	0.8196794072969479
A3JNK8Q3PLRK3W	1.0	0.7737005430935513
A3JO76ZV70HAVX	1.0	0.9208866566768165
A3JOQSST55IBV7	1.0	0.8791970683913742
A3JP187JKS2N9Q	1.0	0.9507230952605007
A3JP831AUTAFB7	1.0	0.9224179933934299
A3JPCM59CF9VL	1.0	0.976986726168587
A3JQ3NA9H3XKUE	1.0	0.9011313132871788
A3JQ7JBTC4M50Z	1.0	0.8148805883894523
A3JQ9FGSYLZITD	1.0	0.9486078528856506
A3JQLAUQHL3ZG3	1.0	0.5162361594390729
A3JR4GXETWA559	1.0	0.5432259893406073
A3JR9I7C7VUW6P	1.0	0.7386710725700575
A3JRW716H3AX14	1.0	0.94164548229892
A3JS3K85A488PB	1.0	0.9453607894828335
A3JSPE5UUEUSCY	1.0	0.5959638980116863
A3JT29L4YFEIMJ	1.0	0.7452258727361751
A3JTUJ84M3R1CP	1.0	0.878782219040629
A3JUMMIGJ7B38X	1.0	0.9123187021178342
A3JUQ1NC6ZW84P	1.0	0.9121839767717608
A3JUWLG0OCAX2V	1.0	0.6828751589804776
A3JVFMJNWG96AR	1.0	0.8247879573858493
A3JVKBLOC5TG3S	1.0	0.9700704139130939
A3JVQ2CT05PJUN	1.0	0.937151239997653
A3JVU4U2JOAJPY	1.0	0.8507065639831662
A3JVW778REU8ZA	1.0	0.8445541678144453
A3JW2FY7TO7V6	1.0	0.9630020068204022
A3JWMDHO4QUO2U	1.0	0.9795529971845052
A3JWWS2XWGLCJ	1.0	0.9745582773595333
A3JWXUR1AUZA7O	1.0	0.8525905858013443
A3JXAQ13TMXTPP	1.0	0.883410777149743
A3JXARXF2KGBIS	1.0	0.8490615668345274
A3JXBXTGF9DUSR	1.0	0.5938562824438437
A3JXPRCPD1YKAG	1.0	0.9429590322763977
A3JYX6BD7VOW25	1.0	0.8661691530713495
A3JZCNOD0TG8LL	1.0	0.8412857799247295
A3JZDKK5EM175G	1.0	0.8961406129940778
A3JZGPHDBD5CMM	1.0	0.9268539271717058
A3JZJXR90732OD	1.0	0.7943182435572278
A3K0KS34MKAEL	1.0	0.9161104582119783
A3K0X0PQNGKS53	1.0	0.9151472101628843
A3K1EBH9PP8ENA	1.0	0.9273201565446776
A3K1TICKDV9NMP	1.0	0.824048132999403
A3K223BAI9FVCS	1.0	0.9327948845427739
A3K24XG2HBT7XU	1.0	0.9091226180801614
A3K2H4VS98DWWI	1.0	0.8131659381995331
A3K2J86VI3TJV3	1.0	0.8037875193335665
A3K2KA8SO4Y07G	1.0	0.8060678959638341
A3K2N8JMD9OFIR	1.0	0.9020934592129888
A3K2PT269IPSD	1.0	0.9696858233884813
A3K2TODYCV2SCU	1.0	0.7780575758690021
A3K37O1380ZLXW	1.0	0.803936681552566
A3K3EMRRT9JNJ3	1.0	0.9575356279482289
A3K43QBDJVG6Y8	1.0	0.7383315064011317
A3K46HS3WSQWQZ	1.0	0.9083765301396121
A3K4E1M3EH3EEZ	1.0	0.6487105564129029
A3K5LACYLUHBF8	1.0	0.8213255078809603
A3K5MD1NV1T2KI	1.0	0.811669030226479
A3K5MN5IEC22LO	1.0	0.7915426716878787
A3K5TAUYDEWX9J	1.0	0.7076857157365383
A3K5WEZXA9Y1W8	1.0	0.6833174781832656
A3K6WCT5ANC30N	1.0	0.9340186666271528
A3K6Y7FKECGEWA	1.0	0.8391028092135753
A3K71EYG13ALZD	1.0	0.9067087754253862
A3K7LEJMNE7EOF	1.0	0.8867977414418007
A3K7NC2E7DZ77D	1.0	0.9410933532051441
A3K7U6OZ604TI8	1.0	0.9328212500404329
A3K7YJBGSYHGC2	1.0	0.8942285217317016
A3K7ZIE46XSC8E	1.0	0.7983505153721866
A3K7ZQJ6A88T2G	1.0	0.9328212500404329
A3K8MOJPD6WRBD	1.0	0.7464316391832486
A3K8T6MWFSFAUO	1.0	0.9479019965659337
A3K8YRUI9ECW8G	1.0	0.8942161484936045
A3K91X9X2ARDOK	1.0	0.6439307527367254
A3K9AIZPX1T4QA	1.0	0.6104615559791536
A3K9CT31OFXEG3	1.0	0.9550327203615273
A3K9F3N8LB66QF	1.0	0.9841870316571233
A3K9OXY23ECBD8	1.0	0.9654800892528805
A3K9VLEPZW80JD	1.0	0.8243876263156049
A3KA0LXFAWF25I	1.0	0.9639493092271246
A3KA1BJ6054XFF	1.0	0.8210130928701209
A3KAXB2XARS4GI	1.0	0.9300100305513515
A3KBMS59165TUN	1.0	0.585842308668464
A3KBZVXTHO9GWI	1.0	0.9247410173432419
A3KCBCJTQXKPA5	1.0	0.6971717544445043
A3KCDYEJM53A9B	1.0	0.9024658692337698
A3KD6Q97ODTN2P	1.0	0.893262463685582
A3KD7AUYR7XY0L	1.0	0.9604675791428081
A3KDAC88FV2GMS	1.0	0.9005375818161775
A3KDH4Q1MIZXRS	1.0	0.6082371221591142
A3KDU6P6JM1ONO	1.0	0.9701613889457719
A3KE4D2HIN75NM	1.0	0.8135021817781032
A3KEBN4BVQGRLV	1.0	0.7933971798055577
A3KEFQBHCUP788	1.0	0.7902807538144572
A3KEW8K0AWSAU7	1.0	0.843355622419949
A3KFZU2NTHU9N1	1.0	0.9141662870661271
A3KGBMY4LDH2FU	1.0	0.8898357772488464
A3KGSPT0O8OM6D	1.0	0.9304584375381046
A3KGV2VTAKOXA5	1.0	0.6911628980094171
A3KGZ9GEZTEEF5	1.0	-0.17674361105463415
A3KHK7RDUA515P	1.0	0.8210482484269359
A3KHNZUBWFRQQQ	1.0	0.7665733024469942
A3KHUBX3LCRQSF	1.0	0.9371401111194249
A3KHZRATOBJ2ZH	1.0	0.6539741192084638
A3KI6BR7K37S1I	1.0	0.8869126829594255
A3KIB7WVXCVYT0	1.0	0.9611396355725909
A3KIHIO3VQF7T8	1.0	0.9556724436779718
A3KJ1AOR4O55HC	1.0	0.8443419419613901
A3KJ6JAZPH382D	1.0	0.8189067922564761
A3KJFILGIR1LUK	1.0	0.9407013687142123
A3KJMZ5UKPSQ59	1.0	0.7327578951777544
A3KKBKVYBSCXDV	1.0	0.8072217972163855
A3KKI0VTQTOLSV	1.0	0.8631419358905137
A3KKJLBSC1R7Y2	1.0	0.9249830103752333
A3KKXQ55MK642L	1.0	0.5285681655278651
A3KL96LQGAIB80	1.0	0.9598888922271152
A3KLA39CHK9JHV	1.0	0.7755859504788447
A3KLFLK1GQLGO8	1.0	0.6132378875562227
A3KLNRZ49H8CNR	1.0	0.8018671360297814
A3KLWM6JP7JJYF	1.0	0.7232396869560664
A3KM5JOZSRMM77	1.0	0.9871756157223872
A3KMKSFK5SJE4	1.0	0.8546099126743947
A3KMQC9GZ442RT	1.0	0.9517856569587102
A3KMSGSGC1WFO3	1.0	0.9253433419661394
A3KMYI0CKNESQJ	1.0	0.8781989420609073
A3KNN4S7VZ9LK3	1.0	0.9001972259356577
A3KNWL7E08G7LO	1.0	0.481916256096958
A3KO4BQNPC5002	1.0	0.8975704121188748
A3KOL1FYRGZPGQ	1.0	0.916147376711166
A3KP7V8U8HV282	1.0	0.7694013735483719
A3KQ0PS6SKF7A1	1.0	0.8957883991542663
A3KQDBJ2ISYKHX	1.0	0.8861054262323457
A3KQI694I9KL5L	1.0	0.7303829000963417
A3KR9XO6MX9GZJ	1.0	0.5629106884066766
A3KRKFFIIVTWP0	1.0	0.960937157412427
A3KRNVAPSS50RM	1.0	0.7726227170877212
A3KS4D61F2XJW9	1.0	0.8659202967884503
A3KS6HP6Y86SQR	1.0	0.8549277562380421
A3KS6XNI6OXY2T	1.0	0.9862109577019318
A3KTPS2DJ9LP18	1.0	0.6462174826514832
A3KTTX2PB9W28X	1.0	0.7793461667804835
A3KU50AZ8AZ0AO	1.0	0.7645384853393551
A3KUC5K5VSJNU9	1.0	0.7402230538391105
A3KUDQAIX9LX39	1.0	0.9225834299050698
A3KUR2R3CG3W56	1.0	0.9012422315162306
A3KUV0F3OV4L64	1.0	0.836219376038598
A3KV15IYO2DYVE	1.0	0.8900185024234734
A3KVOEKPELWCTZ	1.0	0.9079230515945602
A3KVSJMYNWD7I7	1.0	0.900126530185691
A3KWAGK3T5FX0Q	1.0	0.9466814189388563
A3KWAN5J031OOU	1.0	0.7896669104829928
A3KWNFOLWC1LEM	1.0	0.9019998160746682
A3KX1R4XD4BMXO	1.0	0.873216320891307
A3KXTPV7NIUUKK	1.0	0.7557798099624512
A3KXZMKP8KKHSV	1.0	0.9070154744412594
A3KYAT2VDRR82T	1.0	0.9723713667261153
A3KYBE3C5Y2F2N	1.0	0.9701900220733617
A3KYBOFK3HTWFP	1.0	0.8025545080189359
A3KYDUPIOMNDFT	1.0	0.9125619853152475
A3KYQAQMSO8PX1	1.0	0.934938513528404
A3KYQWXBYYB561	1.0	0.7333918247824083
A3KZ7OH4VRL048	1.0	0.8089773338718534
A3KZAZYQ8L6YGU	1.0	0.9394782313562038
A3KZLIEGCSSM5L	1.0	0.9415527708398401
A3KZR2JX15PX62	1.0	0.7639407949036232
A3KZTV8UKVIQ54	1.0	0.9116450941989963
A3L03S6MPKV6ZS	1.0	0.983222373636668
A3L0KQXENP2F0M	1.0	0.9264714780266063
A3L0O5JGEQ01KS	1.0	0.9429016078212825
A3L0PD6XIPZE47	1.0	0.7729565312816022
A3L0USE3GM4D8I	1.0	0.8976409007187802
A3L0VHE3W5XHSB	1.0	0.8256737805826162
A3L0YM35AU0X7R	1.0	0.9159342054589316
A3L16HCRT2WRJ2	1.0	0.9286145740654425
A3L1ROLIXTWOLI	1.0	0.882193869721972
A3L1UEDJO88Z30	1.0	0.8430971469554862
A3L26PWVOXK577	1.0	0.7005586929422966
A3L2GWUADXZ1G2	1.0	0.760344761001798
A3L2KKF94HIY35	1.0	0.7894256941251936
A3L2ON0NIQ5QDA	1.0	0.5014040618317884
A3L2UNCZ8A0BRF	1.0	0.6997096789526326
A3L30HVGIJHJRV	1.0	0.9154763970088609
A3L3466RID8RZV	1.0	0.8702998584721253
A3L3BLH8R0ZDB6	1.0	0.9651657985798668
A3L3CZLLSYWG48	1.0	0.9412945731995552
A3L4LLRK8XW4G4	1.0	0.8680867451498455
A3L61Y3PYQ9JC	1.0	0.8505083964251081
A3L7BPH87ML81A	1.0	0.7142665434350332
A3L7OCUXDGY9QY	1.0	0.785885147968669
A3L7P2A17FDM4P	1.0	0.951059038345894
A3L8FEG0U3UY2M	1.0	0.8783427630235245
A3L8LB1WTGHORY	1.0	0.9496419625202144
A3L8O5T6752KS2	1.0	0.9391356808375206
A3L8PMFRWO7PFF	1.0	0.38977431433405463
A3L8YUEWQM3K5K	1.0	0.7412697898605286
A3L915Z02P4WDM	1.0	0.8929592625469258
A3L933N2I89N2V	1.0	0.6346072038515597
A3L9E0YI7C5G0W	1.0	0.7220958603224165
A3L9FT8OJY4Q6I	1.0	0.983222373636668
A3L9OU1DS8BGVR	1.0	0.8925566073658652
A3L9QQTSQ1BZXP	1.0	0.9650327122707167
A3LAO4H3FJ656R	1.0	0.9644208212285273
A3LAOSDAZZ8YMI	1.0	0.9662081468600526
A3LD2AKD2672S3	1.0	0.9699192814735549
A3LD7HEKAJABGC	1.0	0.9265173872645915
A3LD9MWYUZ3B8L	1.0	0.8125277808385551
A3LEANP56VM1R2	1.0	0.8804605665278981
A3LEN0P07MGJE2	1.0	0.9048496856442704
A3LEQSCXIEGWJV	1.0	0.9417226504186104
A3LF1KZ59NXFZT	1.0	0.7836090901040752
A3LF4W3CVYDONA	1.0	0.9446546107999314
A3LFHX5WO1NP9A	1.0	0.8461537341487663
A3LFOGPED50UZF	1.0	0.79179215187755
A3LFXOHSFOT9WQ	1.0	0.902595097252864
A3LG4DFM8VJ3QS	1.0	0.8888176135988968
A3LGIFP5LEQPOY	1.0	0.9118835070216909
A3LGK02LXYMHCN	1.0	0.8613658549403411
A3LGNTK49DRLOM	1.0	0.8784405597299338
A3LGRZDB8UBCKN	1.0	0.8065180437196912
A3LGV5JXFSBFTL	1.0	0.9270788668810448
A3LGXXOEJPLDHR	1.0	0.8485557670553545
A3LH4D3TB3RIMW	1.0	0.8974302764532373
A3LHQW2T731Q21	1.0	0.9589859624472464
A3LHQZXCE4UDCQ	1.0	0.8347562261968197
A3LHZWKJVSWFX0	1.0	0.9399259307015526
A3LIN4MHJ4LTT1	1.0	0.9260422783995865
A3LIOPGR7I1W21	1.0	0.9270886394784057
A3LIOQ6M991VBX	1.0	0.8408577405708091
A3LJ2IR10BEAOC	1.0	0.9474793255315399
A3LJ8V3KASB21N	1.0	0.8921561766694559
A3LJD5NIHT38OE	1.0	0.17543562313750422
A3LJUTUA8KELXM	1.0	0.8125445933726194
A3LK1O4CSQ84G8	1.0	0.8994401974673597
A3LK2XNANF83MY	1.0	-0.2016798565163847
A3LKH1N38Y3FXF	1.0	0.9249010192439407
A3LKN4YF3EKBO4	1.0	0.877785641327373
A3LKUPXJ9PIV2C	1.0	0.6980927456223037
A3LL66AE9IFRE2	1.0	0.947832414872991
A3LM29NNR564RU	1.0	0.912986256903823
A3LN8XSXO5FQZ0	1.0	0.9597617228230912
A3LNMQSVOPQBD0	1.0	0.9011689478570204
A3LO89HQ6KQLEP	1.0	0.7518815398722147
A3LOC24GCZBZ0N	1.0	0.8105991213480181
A3LOOSHZEW2HIL	1.0	0.8485478053913174
A3LOXO7WG8AXRW	1.0	0.7628607696279373
A3LPA9D5IOQ1XY	1.0	0.9018937596667832
A3LPCNKUIKV4O9	1.0	0.8367719759179385
A3LPJW83HTSH7K	1.0	0.9032874839057268
A3LPSMBORQFAS1	1.0	0.9207080898940041
A3LPZ3KE5TAZMA	1.0	0.8562325038344866
A3LQLCQS5GEQB3	1.0	0.9363308535042496
A3LQLQ3JR1A6UW	1.0	0.82244414244346
A3LQT6PVK9YEU0	1.0	0.9697744941401568
A3LQXZYW45VAKG	1.0	0.8051139289970978
A3LRDHF9N5DONK	1.0	0.8313688933499047
A3LRKRVORA0RC8	1.0	0.8794246736156996
A3LRL3ZX5RIEV2	1.0	0.9244477690368113
A3LRRX8M4T8FY4	1.0	0.9163194725056926
A3LSARP71175GW	1.0	0.8756562096687193
A3LSCJYQD6W8P0	1.0	0.9183906510087538
A3LSRY9YVFQ45K	1.0	0.8636866043932513
A3LSVUB1Q970CD	1.0	0.9724219154038636
A3LT90XMQ0ZJM7	1.0	0.9052367715582952
A3LU8ZU7L93ILU	1.0	0.9118257309122966
A3LUJ8N9XO3O4E	1.0	0.7477436594367322
A3LVJWONFGC03E	1.0	0.9264273855424904
A3LVQVYXBL6T7U	1.0	0.7205599046243931
A3LWMUCL91VG2H	1.0	0.8843929384998108
A3LX15FRWX6W4P	1.0	0.9493195939613898
A3LX72I1CTYFUW	1.0	0.9279397931070074
A3LXAI53OPO9Y	1.0	0.7971620247230587
A3LXGDORIJHKRT	1.0	0.9235107965971424
A3LXTNGJZJVUZF	1.0	0.893780952723425
A3LXUX4RCX70TV	1.0	0.8728998251784988
A3LY5TJPNYQBZC	1.0	0.5432722094789145
A3LYIPJKAPYMQ4	1.0	0.7140414829465457
A3LYQCBGIGKOZY	1.0	0.8028482694777406
A3LYWEVCU0AMRS	1.0	0.9024455357014842
A3LZBOBV9H1HDV	1.0	0.9323436513851218
A3LZW1IT1VT993	1.0	0.8930981719998665
A3M0GRACAYJFTN	1.0	0.954550898763059
A3M0XW31LEWLUG	1.0	0.9845401209985744
A3M1104X8EN9O	1.0	0.9271488514258887
A3M26WIUP5TXIW	1.0	0.8268697603591686
A3M2BR1AXFXADW	1.0	0.8526185297076118
A3M2RDRGZN09OV	1.0	0.896647870980732
A3M2V8Y4GWEOEH	1.0	0.9274299298176207
A3M3ANQJSHQQS3	1.0	0.9419582943532557
A3M3AU614S085T	1.0	0.9550327203615273
A3M3DL3AN4DOQA	1.0	0.9733497387376837
A3M3Q3OVHEZYCP	1.0	0.8807880560701442
A3M3RFUNCCJV1Q	1.0	0.9683740633142466
A3M43O5LMGVPRB	1.0	0.8442466061758946
A3M4OIQ11I1T52	1.0	0.5807300029430171
A3M4VKESJEQB33	1.0	0.7115840645213866
A3M5CDFHCGZL0A	1.0	0.9659801725270213
A3M6YZ65CD6UBC	1.0	0.9252713737130022
A3M70XDZOU49AW	1.0	0.8510139771793325
A3M79N1664MQCR	1.0	0.7297111712233725
A3M7DE9AC644HM	1.0	0.9591303304187881
A3M7HD7GKYPFIU	1.0	0.9309035896943827
A3M86N46CZR3RG	1.0	0.7395893913093217
A3M87MJG56HSV2	1.0	0.4657650364825136
A3M88RCAR2T804	1.0	0.9525940592709976
A3M8CRWE30XQYK	1.0	0.9022922374819656
A3M8LFDLC6JQUG	1.0	0.9292232918505109
A3M8MLPRL1JCRY	1.0	0.9361336686445731
A3M8YCCUSRTGN6	1.0	0.3041186708707964
A3M97WKI0FP3JF	1.0	0.9645154312324252
A3M9WUJ4L5TXXN	1.0	0.759702622666088
A3MAC6OQL9IS3P	1.0	0.7153665698282188
A3MACY9O1PVEU9	1.0	0.9519111266153513
A3MAHIAEVRJ5W3	1.0	0.9438791727872718
A3MAHLMAZ0D66U	1.0	0.9284432078435895
A3MAROXCKBWMWV	1.0	0.7714465688331571
A3MASS6KU88LE4	1.0	0.9677155602091616
A3MATXBXCPNXP0	1.0	0.9582321324025836
A3MB1IURD1N4CY	1.0	0.8738858520924696
A3MB4ZYC9XRU9Z	1.0	0.9084225486033449
A3MBP2BWJ0ZGI4	1.0	0.9364711476554063
A3MBW331646MQF	1.0	0.827969092309611
A3MCBTPHF9XHAD	1.0	0.983222373636668
A3MCGBUVTKXERU	1.0	0.9484584936180409
A3MCP1Y87DJFL7	1.0	0.9220507715550852
A3MCVG3LPHKJBV	1.0	0.8799525144080911
A3MD299GXAKFJD	1.0	0.8573718325775974
A3ME0I49JPASOE	1.0	0.6157388107484713
A3MEH37R79AD2S	1.0	0.948229262062982
A3MENTBP18FSSX	1.0	0.9152418201667822
A3MEP6O04E7A36	1.0	0.6237796604515281
A3MEPPIVOZUD3L	1.0	0.9361296457048368
A3MEQXCDW66642	1.0	0.9236981529639093
A3MEZYMIX4HELM	1.0	0.9199617616129027
A3MF1RPPXYOQ32	1.0	0.9234119617693597
A3MFRGC4UTGRN1	1.0	0.8905799265485164
A3MFVXU4A8KUXN	1.0	0.9497617309139017
A3MG9CNWF17RUC	1.0	0.6017667935002575
A3MGAL9SN5ANN4	1.0	0.9753158894652296
A3MGZWFEPAWQH4	1.0	0.9042937788768131
A3MHFG9RDIQJMS	1.0	0.7554862718208358
A3MIAZCG576G35	1.0	0.9711809445777984
A3MIQECOS13IV1	1.0	0.9241078901390025
A3MIV0W93RHMNR	1.0	0.4630268910243791
A3MJ8IFOS2VM4F	1.0	0.7774037077623792
A3MKRM2Q9F04UH	1.0	0.8534276548352198
A3ML0JY6XKZ5KD	1.0	0.7033586664183592
A3MLVO7VPGEH2G	1.0	0.7234445844369161
A3MM38N1F8QKVT	1.0	0.8944463544091981
A3MM4RRNAO7G6K	1.0	0.9616276219079916
A3MMBMD562U788	1.0	0.9368427366323909
A3MMFMSH76ZA96	1.0	-0.17616434801089012
A3MN36AV15SUUP	1.0	0.8746180503520998
A3MN3R25HPW5QB	1.0	0.8832054010133655
A3MN64OKJN9V1Y	1.0	0.9182983189496388
A3MNASHI4236W2	1.0	0.8955484376896184
A3MNCNCFLN048B	1.0	0.9357605170453254
A3MNXSADGBDJ90	1.0	0.7933567935602601
A3MO123E1NCYC3	1.0	0.8126465981104134
A3MO7SE07HXY4D	1.0	0.794642829483368
A3MOJ4RZO0CMUW	1.0	0.8967447700430551
A3MP9S24707YOS	1.0	0.8393491969611383
A3MPMTX23GIU70	1.0	0.9573214644717063
A3MPSCG262DUZG	1.0	0.7658265633653705
A3MQ0F4YDKD06S	1.0	0.32822772578979265
A3MQ8TMRY02F3A	1.0	0.7259777562990841
A3MQS2KZCUM1IZ	1.0	0.955026937233733
A3MR6F5U81F9AQ	1.0	0.7884356854305979
A3MSLF3DLKQSI4	1.0	0.6631476146017483
A3MSNBTO3DDOF0	1.0	0.9288416424570547
A3MSQ7PTTZYYGK	1.0	0.4073697506825373
A3MT2BZ6O0AAR9	1.0	0.9084210713926677
A3MT92P5A8S6BT	1.0	0.4779744648714307
A3MTHTAMVDDK2W	1.0	0.8612258735663834
A3MTVFOH6PNWWE	1.0	0.5442847382965194
A3MU4GBCBNPPZI	1.0	0.9296391374699985
A3MU6AB420INS8	1.0	0.7909638044281814
A3MUFBGGH4EG38	1.0	0.6455059403040336
A3MURGBJG36KYC	1.0	0.7377334651465787
A3MV28XVYEHAS7	1.0	0.9244837862203357
A3MV5N76E8OSE5	1.0	0.9034430410328473
A3MVDHM9TB63AH	1.0	0.6180836516707727
A3MVKDM4FH48N5	1.0	0.842415768840175
A3MVLZRGW0ZEHG	1.0	0.9650140257138704
A3MVQI6LGL3QA0	1.0	0.8948717858064914
A3MW3T48CN849E	1.0	0.950351129529045
A3MW5YXP5RSEHU	1.0	0.9026518842655471
A3MW8B6I2LXVWR	1.0	0.9553679762349216
A3MWARWX20HJ1T	1.0	0.7640957731193653
A3MWD7N5JUP87	1.0	0.9160172581794419
A3MWE4JZ3NNB89	1.0	0.9124400697128469
A3MWMO2IOQDWBJ	1.0	0.6933296146627344
A3MWUPQ0PFB5ZZ	1.0	0.8588260471106388
A3MX12O0RFMWW6	1.0	0.9085212166673661
A3MXEBLOWCNL78	1.0	0.9881402737428424
A3MXFQFBJHIDU7	1.0	0.4914401264148463
A3MXOADFVNME9Q	1.0	0.8659201261478426
A3MXOOMIQWDORA	1.0	0.675910200993448
A3MYLQ2YQ5POLF	1.0	0.8753703329857526
A3MYSCJMMP0TQR	1.0	0.7275279490405024
A3MZNUL41TNB2V	1.0	0.9387965402680116
A3MZTOL3693G8	1.0	0.8458235586569518
A3MZYLA93VX2Y4	1.0	0.9723273053999657
A3N01U1JAF73NB	1.0	0.6328576970202724
A3N03ZI4TN8NG	1.0	0.9246713160572894
A3N0F8HZTDXQDP	1.0	0.5281008093702114
A3N10DE2WK2JPU	1.0	0.9041157161662726
A3N13QL13CVDYS	1.0	0.9397328323160268
A3N1DMISW1JH88	1.0	0.707607255548598
A3N1IZ2WX02Q9Z	1.0	0.8143462185512966
A3N22RBD5CDV2U	1.0	0.9506590973779613
A3N285QCJTUFX	1.0	0.947919050998554
A3N34JMPIXMAXG	1.0	0.8267840003250821
A3N3BV52K82WP	1.0	0.921681552205731
A3N3CL6CXDSDJ8	1.0	0.4612757436788268
A3N460UI6OLB2D	1.0	0.7570933907203383
A3N48AAHA8QBRM	1.0	0.9191582165173467
A3N48OQVA84QJS	1.0	0.9114089203586209
A3N4BJK6GUF8WS	1.0	0.8423069355047665
A3N567YXFQNW8E	1.0	0.9524953215956021
A3N5752095L7GD	1.0	0.7457159445036515
A3N5AG4ZUBJYJQ	1.0	0.8898059777497882
A3N5RRWLKDV1MC	1.0	0.7970133848331521
A3N66N2B5O2EQS	1.0	0.8454756437411148
A3N73S49VOCJYH	1.0	0.8866230692520071
A3N763WTZ7A8F7	1.0	0.9525610949713698
A3N7F68HSVKMQ2	1.0	0.8884800160404001
A3N7HGTKWF3P2N	1.0	0.8441779351937898
A3N8Q1PMJZJUI6	1.0	0.9401471533531195
A3N985TR23G36C	1.0	0.9148082875702072
A3N9A1SB5MROOM	1.0	-0.17470906265576117
A3N9TSL9ZB4UR	1.0	0.8225488673436292
A3N9Z35RDBW1CK	1.0	0.8015687055939347
A3NB7F3QL0AFO0	1.0	0.9768306072624524
A3NC12PLFI2PLH	1.0	0.9626315618652183
A3NC2WP2E09UMQ	1.0	0.7406435584704619
A3NC7S68LZYKRH	1.0	0.8722357190533484
A3NCA2FB04EYLE	1.0	0.7920145454736024
A3NCPI8SRBCHLO	1.0	0.7845282869851582
A3NCSDNVU0VI3G	1.0	0.7499608611701822
A3NCUFF540KY1E	1.0	0.7439584706931501
A3NCUN7TGZO56	1.0	0.8211912240231556
A3NCZFGM3NBDM0	1.0	0.9210921733548137
A3NDWL56CCM3Q5	1.0	0.80681505424182
A3NDYEAUT5CXIL	1.0	0.8206718801543902
A3NEFNIJCHLFLO	1.0	0.8009613224516176
A3NEJEBYKX9YAG	1.0	0.9034767039135225
A3NF3PZFFLVRV5	1.0	0.9252507940838859
A3NF8CNAO4S5O8	1.0	0.8927230458991102
A3NFLNIJHAXSRT	1.0	0.9475554358171087
A3NFZR5IWPACQD	1.0	0.9001076434713063
A3NG1RH09BPOO	1.0	0.48906517786770776
A3NG26RAPT6POX	1.0	0.756989733847145
A3NG7VCB9Z4Q47	1.0	0.8795136366247263
A3NGKYUT5LP9U2	1.0	0.8341931365347927
A3NGO3W31QU0OD	1.0	0.9023719754336716
A3NGWSG90QQ8Y8	1.0	0.8504390707699561
A3NHKT1LZ1DFKM	1.0	0.8786098901885164
A3NHUK1ISMZCFZ	1.0	0.7824568131576641
A3NHZDFR6PNM6J	1.0	0.8823234867932627
A3NIMIDMGOPRZP	1.0	0.9700278388910443
A3NIXW5XP6UMB2	1.0	0.8966271013699701
A3NJ23NCXY93UR	1.0	0.8974775814551862
A3NJBQSY4TDYJ2	1.0	0.7705822771117489
A3NJEFKOS1X9NC	1.0	0.7233104783700979
A3NJIIDIXLQFIN	1.0	0.8422150631375306
A3NJS3WPHYVA7E	1.0	0.8773556337187015
A3NJXJ1FIDIO2W	1.0	0.6658478276558745
A3NL0ICAWOGP4W	1.0	0.8847030960890299
A3NL25VAWZQ2BC	1.0	0.8424104316274631
A3NL5K227R3A00	1.0	0.8594910095467554
A3NLAEQKDVQUKA	1.0	0.8337895314664834
A3NMEF3MJ0A3PL	1.0	0.7387833445519791
A3NN6YTVON1Y1H	1.0	0.68615532135048
A3NN8GK204NGRQ	1.0	0.7302257530853578
A3NNDJLZZ2I9F	1.0	0.6046757914280817
A3NNICU3VEBQ2Z	1.0	0.6446353460792992
A3NNO32KVSYJTO	1.0	0.8702824313442137
A3NNZW2PK7V2BR	1.0	0.8893752924239886
A3NO0AK64R8N28	1.0	0.5739386884613893
A3NORGSXKUVQSB	1.0	0.9726803947414168
A3NOWL2ZS2EWBH	1.0	0.9501672041841446
A3NP04FOQU5O1B	1.0	0.9511422805632447
A3NP1OJ9SW74Q8	1.0	0.9234393146182088
A3NPBG9YE84S63	1.0	0.9127510447165894
A3NPDU00SPELX7	1.0	0.8949392830926807
A3NQ06W6OUJBI5	1.0	0.9613866803104981
A3NQVK1YW3QIOI	1.0	0.8837104934849266
A3NR179F3QQLJ4	1.0	0.9405392428298982
A3NR2Q0E92S9DN	1.0	0.7673278491648353
A3NR4BTTXMPBOP	1.0	0.9352665099329314
A3NRQZWQPNGR4O	1.0	0.9350080305953782
A3NSN2F784GPIF	1.0	0.5336315013618508
A3NTTW4LLYL5HT	1.0	0.4611756342528021
A3NUKNQYAABG0M	1.0	0.9040797722714101
A3NUM7C7CVBNYZ	1.0	0.8334713811429989
A3NVAVP9RLPODX	1.0	0.9438791727872718
A3NVLXRZRHLBZE	1.0	0.9227961029697447
A3NVWWDF437JBD	1.0	0.5143054543611525
A3NVX0OJFXNGSS	1.0	0.9822577156162126
A3NWFOXGXHMXTP	1.0	0.9311112095726426
A3NWQO3HP4C1ZA	1.0	0.7314908009145344
A3NX29Z4TQK3HM	1.0	0.9061772605222055
A3NXCL9NJTL3TF	1.0	0.9785931967434359
A3NXV35UFOFEJL	1.0	0.9667743580072675
A3NYIGMN9XO6CP	1.0	0.9373059332632275
A3NYN206OCR54B	1.0	0.19508940039815803
A3NZKL1Y4X5OUK	1.0	0.8169867694000353
A3NZQ0KTNYMVGL	1.0	0.8922822546144081
A3NZRTU6GKUUE5	1.0	0.8030018378070962
A3NZSAX07Z3UTF	1.0	0.7215407814749969
A3NZTWXHPPG41G	1.0	0.9485217533726031
A3O0GG79Z97LPE	1.0	0.9514087145374712
A3O0JDFA4LRZWK	1.0	0.8243014334142346
A3O0Y9C65R5ZO0	1.0	0.6317606352277381
A3O2BRM63W4FKN	1.0	0.8923330124695414
A3O2UXL1MGN6F8	1.0	0.8107163455279158
A3O4J05CPH01Y	1.0	0.888628393591101
A3O4ONI0UWE3HQ	1.0	0.7470685585363933
A3O4PV3CNL4QH8	1.0	0.9706867125719976
A3O4QHHDASGXIC	1.0	0.9301294580123377
A3O5H5EZ4OF0EV	1.0	0.9346681996858233
A3O5I0SMCNNHOF	1.0	0.8233995220106595
A3O5PIWB664592	1.0	0.8645142033377864
A3O5QFNRW1CZCB	1.0	0.7574521663743383
A3O5T5VAQ3TD17	1.0	0.6967594028138708
A3O5UR6NHR4MRP	1.0	0.940922019579933
A3O6I3D5VUI03S	1.0	0.8713700454239762
A3O7GCUU4VEZY3	1.0	0.8922685592523514
A3O8QKFTBKZGZ5	1.0	0.9439591706068362
A3O8YT41TDXL0B	1.0	0.8651606055538213
A3O920S2AIOKP3	1.0	-0.17822903143319058
A3O9HF7IXLMGDN	1.0	0.7806867600604553
A3O9OWIZ7MW4MX	1.0	0.8897398922905432
A3OAEQ3A4FSG31	1.0	0.9095109768266292
A3OBEZCB5ANOI1	1.0	0.8731022380833253
A3OC935G2ID1P0	1.0	0.9316663571886632
A3OCU2UDKQKW97	1.0	0.9189769908742877
A3ODENXA668OR	1.0	0.9776809783115952
A3ODP9PJMK83RM	1.0	0.8133473654967781
A3ODV9A2TB7FG1	1.0	0.7251129048446946
A3OEBSYQJJ20QI	1.0	0.9080262070655647
A3OEDIQ6MCQT3	1.0	0.8259706020386819
A3OEIQ11HYTHM6	1.0	0.7687553013588544
A3OEON5Q5UFT5T	1.0	0.8410154926234867
A3OEPPOUC7PCHO	1.0	0.9733865734243189
A3OF7GLJJ476HZ	1.0	0.7290947028284366
A3OFSREZADFUDY	1.0	0.9659510903527295
A3OFTIM87CP08T	1.0	0.9733606323289874
A3OFZVU80TZQA2	1.0	0.9266538470785908
A3OH2RTIE4UMNX	1.0	0.4591542988335957
A3OHDT22AYXOS4	1.0	0.941451497681197
A3OHFBGQR5Q2Z3	1.0	0.5335174338851364
A3OHK4ZZL9QIP	1.0	0.9435807946537171
A3OIN4ZEM2HWJ1	1.0	0.9229267565913021
A3OITRNUELR82W	1.0	0.6486259563846798
A3OIYXEEIKSSMZ	1.0	0.9490774311552695
A3OJDH9J8XEIOX	1.0	0.4882683900922288
A3OJMDFRJVFIDK	1.0	0.9032874839057268
A3OJU2FDAPB3IV	1.0	0.902819127187323
A3OJWPDE05EL3U	1.0	0.9155446718699036
A3OKJFE4SESD3K	1.0	0.8092968662550898
A3OKQ6E8P4URPK	1.0	0.9546796310200761
A3OLBCGFEG45FA	1.0	0.9330429349347856
A3OLCKV29URVPI	1.0	0.8858032156425649
A3OLE3REUKRER	1.0	0.8362090240296517
A3OLZXHFGUAMWW	1.0	0.9001533898761833
A3OMLPJA2BZOUI	1.0	0.9217602157016698
A3ON1P7G5XE17X	1.0	0.677525982139014
A3OO7BT0WMAKUZ	1.0	0.72557350353344
A3OOOC91ZCSIMU	1.0	0.9428166110890623
A3OOPRYGY7XG06	1.0	0.9495127273860438
A3OPF5409OFMVH	1.0	0.8378794399156718
A3OPTYVPH2F6LE	1.0	0.9133125041258715
A3OQAM37AUGA5I	1.0	0.775067728853185
A3OQJGMT9ABYL7	1.0	0.9581487522282081
A3OQPUZ6XKQSSY	1.0	0.7635979736451973
A3OR537X48OD09	1.0	0.8124382383004293
A3OR8R4MSX7RJ2	1.0	0.7931679375151623
A3ORNMKNI6O44S	1.0	0.7525272969127124
A3ORPXSMMB8ZCV	1.0	0.8355306693782877
A3ORSNY3AEJ6DX	1.0	0.951601877595342
A3ORXZAD2HQC9B	1.0	0.8449788613145346
A3OSY59NMTPIXY	1.0	0.8476134761645171
A3OSZMNBO13W93	1.0	0.8761268704048506
A3OT4S4RPXCI1F	1.0	0.9254376643785025
A3OTIKCKK5O2E7	1.0	0.7028297897893768
A3OUCKI63V0PPP	1.0	0.7862164564261251
A3OUZOUU7QUQQ5	1.0	0.5401461213330632
A3OVDLZCPELSTP	1.0	0.6358463369493145
A3OVL6LW2A7QHN	1.0	0.9753631944671786
A3OVO8CVNQA2KR	1.0	0.9149384764428777
A3OW7QH9EESV13	1.0	0.9629392045329657
A3OW8325E2FZ8K	1.0	0.9255219452402672
A3OWJUPZO6TUF	1.0	0.9462376884552022
A3OWV2SWBGSCFR	1.0	0.6033031458673949
A3OWYXTI802I48	1.0	0.9494053478985944
A3OXDR0DD11552	1.0	0.6144582895082631
A3OY5D0EKPYEWX	1.0	0.8646056799718844
A3OZ28Y14RO4QI	1.0	0.8692658634193966
A3OZ7Z45BLLGEM	1.0	0.8445565126433261
A3OZ8FM7847DDN	1.0	0.8974978172882112
A3OZA8HNJM26DC	1.0	0.8172065968892182
A3OZQPIY92SPRZ	1.0	0.806058995086182
A3P0XHK96ISFOA	1.0	0.6035822965846586
A3P1508PZ0UADD	1.0	0.9377381353230887
A3P16J0AFQ32LI	1.0	0.8614376851038851
A3P1X94UFR63AI	1.0	0.8275700744306049
A3P21SZEIE3V8Y	1.0	0.7243420941942835
A3P235R8CZH82V	1.0	0.8667115661806615
A3P3K09ZZ69RG2	1.0	0.9737277362258759
A3P4B1RFJCRUR3	1.0	0.9219717379624339
A3P4WHRRFVDEEC	1.0	0.9322151331566206
A3P5A18QF04K3S	1.0	0.9232790986312545
A3P5GLO9V0XTOE	1.0	0.6087727397518699
A3P5HUPJV20CIN	1.0	0.9162227282520113
A3P6CNMHR2QHA6	1.0	0.9671424196227265
A3P6UBW9N5LE02	1.0	0.7433201389208405
A3P7MAJUH5HS6W	1.0	0.9105582671362723
A3P7S1KBQ3BH3U	1.0	0.8831750941499291
A3P7SC6IAUO3YO	1.0	0.9281608144482929
A3P7V1LTK86GPC	1.0	0.8191463366248911
A3P84TZX9X1B3X	1.0	0.641758400232962
A3P96DM8F93CTE	1.0	0.9015188689411916
A3P9A99437UZH1	1.0	0.6980838466995777
A3P9HA4OJJV2V6	1.0	0.9353529983620607
A3PA0O76SGV5AU	1.0	0.8912732497960906
A3PA417BMTAMCI	1.0	0.9374363516381894
A3PA6KXQZ84AE6	1.0	0.9068876366499948
A3PB49E6TYRC5C	1.0	0.8147604471417621
A3PBHXP4THCNMG	1.0	0.7364846894439029
A3PCTD8QM1BIXI	1.0	0.9212513850938743
A3PD5XBPRCIVBN	1.0	0.9697744941401568
A3PD77TE5N97WR	1.0	0.4705122745623692
A3PD8JD9L4WEII	1.0	0.8975704121188748
A3PD94OS8RKOUK	1.0	0.8372388277515075
A3PDAZMUGYLE22	1.0	0.7125143796387979
A3PDF3DQCXC8DK	1.0	0.5463251799522937
A3PDGLI0EG8VST	1.0	0.7949245157052296
A3PE88JD1ZO4LH	1.0	0.7999423223463044
A3PEZQQ3I0B036	1.0	0.8574159053342438
A3PF0EX5P50VJF	1.0	0.9288680079547138
A3PF3AVPWB4LHP	1.0	0.9197825432119385
A3PF3VN6Y3FNJE	1.0	0.9622549047743335
A3PFHVS7V4UZTG	1.0	0.9338541525671271
A3PGKTGLIZJVH2	1.0	0.8445504935368696
A3PGSA1WVYIQJN	1.0	0.9145936533138745
A3PH1UY7ZR5JW3	1.0	0.9252803848622674
A3PHA1F3KY1AI8	1.0	0.8800990207111093
A3PHIGT9QREIR7	1.0	0.9152418201667822
A3PI6O5RQF35OA	1.0	0.9551143907175963
A3PJ5FGZWHRYTI	1.0	0.8111227773334777
A3PJAI77KW3WXA	1.0	0.7106461452907457
A3PJCLQSNF71SA	1.0	0.9614624810386527
A3PJW5JV4DMWVE	1.0	0.8994332249892965
A3PK43VN59Y1JB	1.0	0.7140765675906294
A3PK6QZ3WWOK7G	1.0	0.8477160562029643
A3PKGUIOAAFSML	1.0	0.7092290479239959
A3PKM0YS5UMCH	1.0	0.861933578175467
A3PKTV1COPMTBB	1.0	0.8288712433029962
A3PL6TUZRYMVGB	1.0	0.8852634548499783
A3PL8KBJS7ADAB	1.0	0.6904406980998357
A3PLDUR8G57U2I	1.0	0.8133999351356465
A3PLY18IYQLCK4	1.0	0.8150064486159745
A3PN06W92YRAAG	1.0	0.8656745333442533
A3PN0DGEWZA5RP	1.0	0.9407013687142123
A3PN6V67PL7OP7	1.0	0.9113281282288384
A3PNCARDS8GXGE	1.0	0.9374945205486077
A3PNCXP3I8XIZJ	1.0	0.9028863815605773
A3PNHS2QSEEQ4X	1.0	-0.18583784304434162
A3PNWDTE3B3JXV	1.0	0.6472110890751528
A3POF47RMK5I8R	1.0	0.8083617238787653
A3POPEY1SDAN6R	1.0	0.8165854412265844
A3PP0CCM2RP8TW	1.0	0.6363017281138351
A3PP96NV0KYINC	1.0	0.7995410414843457
A3PPG7XP4KLTSA	1.0	0.2875853126134569
A3PQM82AFBR0B3	1.0	0.8313856089562262
A3PQPGWPB174E1	1.0	0.9813904010421624
A3PRA7DAN3N3ZC	1.0	0.9689672677995895
A3PRJ4B5BBCNNN	1.0	0.8726222587384311
A3PRNWMOMJP8BM	1.0	0.9401471533531195
A3PSR4U3D9X8YB	1.0	0.9158823070056858
A3PSVE7Y17N0UO	1.0	0.9391659935439345
A3PTFHOID3I4MD	1.0	0.9281289774700988
A3PU22FKMDZWM3	1.0	0.5997804713574013
A3PVARCZ6YGKBR	1.0	0.7955319385495184
A3PVEW4NZUSKB8	1.0	0.9457719482970129
A3PW8AK5K0EG2R	1.0	0.8603295410209812
A3PWKUIYS1GFFO	1.0	0.9349951236498442
A3PWMOU1PQMLKI	1.0	0.7261250585499658
A3PX53QADUY8JK	1.0	0.014455251851816208
A3PXEFTJ0210X5	1.0	0.8586542050247312
A3PXYIBTYWISJ2	1.0	0.9487970728934463
A3PYHFI4V1N4J4	1.0	0.7661262886720883
A3PYQ6EULBFXOL	1.0	0.8254624867086114
A3PZC5SHN37CLJ	1.0	0.974915857166496
A3PZJ02SO5KZ7L	1.0	0.8640253715645122
A3PZJM0OGF49M3	1.0	0.8281487309943397
A3Q0G4V2FM5D9V	1.0	0.8901052124799562
A3Q0KGIIUZET7G	1.0	0.8258575661643717
A3Q0TWWSLEYO9Y	1.0	0.835447934475578
A3Q0Y57BYSUSLZ	1.0	0.7110960373180515
A3Q18O99DVODOW	1.0	0.945949018758525
A3Q1KFROZRDKBR	1.0	0.7001652325829812
A3Q1ZOVPZM6RFG	1.0	0.8496770256315314
A3Q2IGUUCN1EIC	1.0	0.9329841045505696
A3Q2TAXO4BEHUX	1.0	0.7217289706670014
A3Q2TVCJP08EJL	1.0	0.6745215491382993
A3Q30U1DZ9125L	1.0	0.8241557433715179
A3Q3CZLCVEWJV6	1.0	0.9155613451896444
A3Q3E21FARANQJ	1.0	0.9689940594716595
A3Q3KGCTOJQKCW	1.0	0.8071367950932782
A3Q4HW166Q0NUK	1.0	0.8832896046855095
A3Q4KAJT3P7ZHU	1.0	0.9267992556099234
A3Q4NULWZU3RI	1.0	0.9075546579146068
A3Q52LF8R7124K	1.0	0.8212933892567221
A3Q5KK5LICZSWD	1.0	0.9644208212285273
A3Q60DSIAH1RDG	1.0	0.8719506222589309
A3Q64FUDPULTVH	1.0	0.8745987264083719
A3Q6QTY45IHMMZ	1.0	0.8103234763784564
A3Q708J52OH5NM	1.0	0.719963523959746
A3Q75O52E0LI5P	1.0	0.6454062024868533
A3Q7HF8ONVU3LW	1.0	0.6868559705784308
A3Q7I4GNRLGA11	1.0	0.8853350682663762
A3Q8GXRA34YC5C	1.0	0.869968206118746
A3Q8RVMXCBIF8L	1.0	0.8786854374829959
A3Q8XHRXRVIKO8	1.0	0.9445052515323217
A3Q9NH91GYERX2	1.0	0.9525610949713698
A3Q9ON2YDRIGGK	1.0	0.9445853514701739
A3Q9Y3O1VO1G89	1.0	0.46025456639980805
A3QA3HK8CSEG06	1.0	0.9090818170029605
A3QA4B599DXPT5	1.0	0.9618680099687185
A3QA50UH619V4S	1.0	0.8853203777186802
A3QA7T5TE1X3XL	1.0	0.9822577156162126
A3QA84H6LAVI6U	1.0	0.8281607800507281
A3QAJ8JX7R8969	1.0	0.9693689652100911
A3QANAS5UK2WXC	1.0	0.8574905280576318
A3QAT5JXG718XQ	1.0	0.629374604265545
A3QB9VVDOZH6E1	1.0	0.9119635613117187
A3QBQX74SD210M	1.0	0.8135281222167536
A3QCCL27X536HF	1.0	0.8656796774596583
A3QCJ20HB5LXR9	1.0	0.937485555710094
A3QCMEMLUDI7CP	1.0	0.9549627595388209
A3QCZG57XOXCQ2	1.0	0.6286109979254205
A3QCZI141E98S5	1.0	0.8619008949567263
A3QD9MM5M01COC	1.0	0.8482694125173798
A3QDU9H395QQPZ	1.0	0.9369961770205048
A3QE3KFPKO0VCR	1.0	0.8393472024679298
A3QF1KBZM16EQ9	1.0	0.8411891113963958
A3QFB89VTEOS97	1.0	0.8467250455271608
A3QGM0Q5U4FJ96	1.0	0.8394514341523149
A3QHN7P5Y43MDU	1.0	0.8306621434775946
A3QHRVKEHFJG8Z	1.0	0.8247725651660772
A3QHTATH78Y4OT	1.0	0.7542938234007884
A3QHTTBHBJ37IQ	1.0	0.8359841917964638
A3QI0DT2FLJ7SX	1.0	0.9486078528856506
A3QI3B0QBDEWD1	1.0	0.8407279671474011
A3QIQLGUUKOQB0	1.0	0.931806574021344
A3QIX1U8KCFNHQ	1.0	0.918217411311878
A3QJDL2IQKHXWW	1.0	0.7649370392095404
A3QJRRC3OBW1JS	1.0	0.8394327205663945
A3QJY01AFZXROT	1.0	0.8798518614031052
A3QK0YZD1YKOD8	1.0	0.7496468586808025
A3QK1QLJJH4S9B	1.0	0.5674287304761254
A3QK6FQW5Q3TYS	1.0	0.6156588196528416
A3QLMOH8UIPL74	1.0	0.7973865239399356
A3QLVPX1P2ZYNB	1.0	0.9181221588268709
A3QM06DR4MFUE4	1.0	0.9253774710021809
A3QM65GQK6JKVU	1.0	0.8007754072707987
A3QMBUY0DSED2U	1.0	0.7214926854600628
A3QMCTYEDVRETX	1.0	0.8335071196319154
A3QML14BIB5NA6	1.0	0.8432457950867783
A3QMPU7GGYE9ZZ	1.0	0.9478456733048873
A3QMW0R63QGZT2	1.0	0.8901052124799562
A3QO2573X5FEA0	1.0	0.7477278250299529
A3QO77XR7RJV23	1.0	0.9165453455271474
A3QOB77NSEHGDB	1.0	0.8779081562626698
A3QOEZ3T545ESV	1.0	0.9179783731707829
A3QOQY24XUTR28	1.0	0.9442484471878044
A3QOSZ8HNCJWMJ	1.0	0.5535473587107541
A3QOXRY2FCOSDK	1.0	0.5044561577893646
A3QOYAOVW4XY2Q	1.0	0.9638044218086044
A3QPA2Y4CDZUAH	1.0	0.9052502239059341
A3QPDOV3OATWTU	1.0	0.8188756514820184
A3QQ4CDJB561L4	1.0	0.8032589404867776
A3QQ9XZ6JWXEKY	1.0	0.02421335852194968
A3QQLTJJDFGB7Z	1.0	0.5486817013676275
A3QQQYR1EBM3R4	1.0	0.921685287252601
A3QQXGSVDG50AB	1.0	0.5443658047844813
A3QR1UJDLWVOF4	1.0	0.5474771382095234
A3QS5UV4968O7C	1.0	0.8578285962662879
A3QSXVCTNENWKO	1.0	0.417519064297343
A3QSZ2SE3HUSXM	1.0	0.8762927071528865
A3QTSCTRZF3VGY	1.0	0.8917692789943718
A3QUO2RJQ2A4NQ	1.0	0.6387330718887553
A3QVKHQTSENQA8	1.0	0.8957968913631761
A3QW2FEVNWI9VS	1.0	0.8310472886870072
A3QW5NP07NY6U7	1.0	0.7516055820121297
A3QXAIQ3EHY7AD	1.0	0.9112941723531169
A3QXVM2U71DVPT	1.0	0.8734188723524601
A3QY7KBDE3GIBZ	1.0	0.8909361496476031
A3QYGT2Y6CB1K8	1.0	0.8773001360750956
A3QYMIAFYECN4Y	1.0	0.9191004522486035
A3QYPZXL0OB11S	1.0	0.5128153518894122
A3QYQ614M82F57	1.0	0.8709517459801236
A3QYV663XUWOXU	1.0	0.64907246864543
A3R0EGFPQOTWOD	1.0	0.9033820939096247
A3R0W90BA978X3	1.0	0.9378721207395451
A3R150PNR32M7P	1.0	0.9518552386516529
A3R21PPTFSB2YR	1.0	0.9156043124257041
A3R28VV0XOQNLE	1.0	0.6276347244898935
A3R2N5Q7QBVI30	1.0	0.9547958170023254
A3R2P1ZT52DWLT	1.0	0.9328256535346106
A3R2UDSGPLHF3Y	1.0	0.46494122534197707
A3R2W6NBUIIXWM	1.0	0.9224344868674476
A3R33KMESG0XGQ	1.0	0.7947980822803496
A3R369VOXH79W4	1.0	0.8140778973904751
A3R3GGJM25YW8R	1.0	0.9634991221340646
A3R4794K2RVU1S	1.0	0.9381018996889774
A3R47BX74XJITZ	1.0	0.702357285753924
A3R4CWCVTXDRN7	1.0	0.8145995639302374
A3R4G2PC9RCP9S	1.0	0.9407013687142123
A3R4MUBUQWGBQA	1.0	0.9333171711685343
A3R5L79B6LHPB6	1.0	0.7736231199119044
A3R5LVZCQUEU6A	1.0	0.8747481730397467
A3R5OE1RE8ZLAN	1.0	0.9822577156162126
A3R5VT6OUVIU68	1.0	0.7948440443175053
A3R5W4WZKHVBZ0	1.0	0.928066204444395
A3R6B28HWO9TJD	1.0	0.7771494502580105
A3R6BEBJAY5H6L	1.0	0.928607812300693
A3R75H3IPPC2UX	1.0	0.9706867125719976
A3R856POZT0B3E	1.0	0.9723273053999657
A3R8UJQOBZQ35T	1.0	0.842378932038367
A3R8X6V63TRK54	1.0	0.8470419240971071
A3R8YCKB0VHU4U	1.0	0.8581712801392123
A3R94K71IEBTW0	1.0	0.831909741457488
A3R94L1YW7XUQ3	1.0	0.9287015250589091
A3R9G51K0B5W1V	1.0	0.9347683682895147
A3R9WVWY2L46E	1.0	0.8713096373862309
A3RA4OH4FDPS03	1.0	0.8084857258708874
A3RATUB6FPDGMB	1.0	0.6104851518405876
A3RBAR78LXUA9O	1.0	0.7283403760641941
A3RC3AK8UN89I9	1.0	0.8522703277550902
A3RD62XPI2WECO	1.0	0.8426267613532945
A3RD7EBN2R05AU	1.0	0.9083426876499878
A3RD7QZKI5NNBX	1.0	0.5515361614237556
A3RDAJMUMBJGBX	1.0	0.5731701834708226
A3RDHSSNRB4Q60	1.0	0.805073724892014
A3RDMF4G0P8G4T	1.0	0.8093012271492566
A3RE52TWSQ2US	1.0	0.8988641869892232
A3REEND78ZQ09L	1.0	0.7279330543438549
A3RERZ0ZGSXX2J	1.0	0.7035900278759588
A3RF0WE0Q5N3PJ	1.0	0.8853559795141437
A3RFL8Z3WFJ8P	1.0	0.9615268471671614
A3RFPA4HRHWNIP	1.0	0.9317769256712425
A3RGJJ6O0NSVGV	1.0	0.7443072943227149
A3RGYOLV1R5O1Y	1.0	0.7992376127816665
A3RHLD2VJJPMUT	1.0	0.7768571839716221
A3RI3RD8GMQSZ4	1.0	0.9359135871397618
A3RJAMVWZSWFNV	1.0	0.9099286121234346
A3RJER4SDTSOII	1.0	0.9211553963271463
A3RJL9VH4Z2PYU	1.0	0.9268358757659421
A3RJSVQ6IHLY1X	1.0	0.9604526150397366
A3RL5MESCX7T0F	1.0	0.8953911133320657
A3RLNPQFXW3I42	1.0	0.9595083617667803
A3RLWIQWUHGS0E	1.0	0.8510558019984718
A3RM36CXFUCSV1	1.0	0.9064262128312867
A3RMY8FLD4F3W1	1.0	0.9334343851706742
A3RMZPK9F8EV1M	1.0	0.9251077605502814
A3RN5W5IWPMKHD	1.0	0.7100100988538219
A3RNC9BGR4J1ZF	1.0	0.8748583818408989
A3RNCXJW5KHLWR	1.0	0.8049054408571706
A3RNR6BXNOQ0JE	1.0	0.872841892621195
A3ROCSUM3DYF8K	1.0	0.9201387809833163
A3ROE739791DV4	1.0	0.9141685759086069
A3ROZZ6GSY2G9W	1.0	0.7665050374521392
A3RP6OAXW5DVPE	1.0	0.9702327902650784
A3RP961NAT2V2N	1.0	0.8989254376241393
A3RPFXD8A1DYWK	1.0	0.93919670604645
A3RPKIHTRFNXPS	1.0	0.9106902152813781
A3RPMH1JP2OIPO	1.0	0.9513949339601372
A3RPR34IAMF05A	1.0	0.6458735609690673
A3RPYK6L3GA4PE	1.0	0.7197397751255497
A3RRDX4Z9RJAKT	1.0	0.9746430609984359
A3RRLK8542LR6L	1.0	0.7478995724548124
A3RS5F15M4821Q	1.0	0.8582406033061102
A3RSO2MXIZA9EB	1.0	0.9594401048166366
A3RTB6ZI2GH89N	1.0	0.8404408636421322
A3RTDO2SLWACO8	1.0	0.9648903994981463
A3RTX14EN8OO4C	1.0	0.9822577156162126
A3RUGZKO13GNV7	1.0	0.9265981322241736
A3RUVG6QN97NWP	1.0	0.6093247554939937
A3RUZVOBJC5VNR	1.0	0.8766284463626458
A3RV0VQKIM2HSW	1.0	0.9546763373462199
A3RW6WQB5VZXFZ	1.0	0.9134158255963222
A3RWN3Q5PFC08O	1.0	0.49023456799322224
A3RX5F6UP4ITWU	1.0	0.8524242759781625
A3RYEW55IWLIPG	1.0	0.7574205127692611
A3RYRAREISDCLY	1.0	0.8965613451355101
A3RZ23VUW00A3F	1.0	0.9216034463694249
A3RZAGL8XALVBO	1.0	0.8937096998140033
A3RZGTO5RDX8B2	1.0	0.908026913638068
A3RZOG4BNQA967	1.0	0.4073684546348893
A3RZW11TTP03Y4	1.0	0.1428154462571125
A3RZZ391ZND48Q	1.0	0.9108408787357141
A3S0EHEIR52HP1	1.0	0.9846677266218653
A3S0YUA1EUO94A	1.0	0.9694741828677816
A3S19SMHH4AKJ2	1.0	0.8923498681506349
A3S1M8A02JV975	1.0	0.8883670506993364
A3S1TAWQ4MQTMN	1.0	0.9644208212285273
A3S1VKTS37U4JH	1.0	0.9493079464648576
A3S23AAGK66SPP	1.0	0.7087356704992177
A3S2EH4H28PLFG	1.0	0.9001817281980166
A3S2J0XP0XC73W	1.0	0.9041066319619026
A3S3ICWC7VX53D	1.0	0.9299676178237729
A3S3XWVCO7WT9Y	1.0	0.8493226639594464
A3S40GFMDHC4PV	1.0	0.9399719113918764
A3S4ALWF8X8DV5	1.0	0.835142551897735
A3S543AWWZQOB1	1.0	0.7204810179757187
A3S6D9KNX90A8X	1.0	0.9209615237832754
A3S7200KEEADLG	1.0	0.9400125668271156
A3S76P0C7K1YWJ	1.0	0.8528755426950615
A3S7PTOY7PYSOL	1.0	0.9108780956133998
A3S8FSALOXOWP8	1.0	0.8149070346663456
A3S95J6X9S897Y	1.0	0.9187845797848382
A3S9HEXHM2Q5CH	1.0	0.8690307746601807
A3S9JXGHMJAL1T	1.0	0.9303061087069661
A3S9QF2R5TCDYY	1.0	0.960937157412427
A3SA4B38HG3UEL	1.0	0.9188552313429466
A3SAK9TQNSLAQT	1.0	0.9367606797036587
A3SAPTM2MHQNBJ	1.0	0.7858954705525643
A3SAY0SQBX28RC	1.0	0.8537227225117578
A3SBZMVDN4DK3D	1.0	0.9213771528205027
A3SC4XMRTKY0LM	1.0	0.9075298748670718
A3SCSESQGO6RQA	1.0	0.6549496995384414
A3SCVEX4ZMU2X0	1.0	0.8451461269945217
A3SDCMI9Q0XJOO	1.0	0.8068895974562905
A3SDFA3LBWCSZH	1.0	0.8398065768477891
A3SDKP5Z9IV6S3	1.0	0.9030422630000698
A3SEL48F3IR0U9	1.0	0.7228768895270193
A3SEQK6N5W99G0	1.0	0.8578510701098586
A3SEW1ECTN5D0D	1.0	0.3185854052973439
A3SGJJPVYRU2UA	1.0	0.956522859509559
A3SHEWLXT5M0UT	1.0	0.8724158524269309
A3SHXFC5KK3IRX	1.0	0.8038401671995519
A3SI2OQW6WT4KY	1.0	-0.18099167781485279
A3SI4GQLS3OIGI	1.0	0.7607528517360711
A3SIHWEQODTN7T	1.0	0.8825143283156925
A3SJ9R1C9D6BZ1	1.0	0.965415723124372
A3SJKXMVTN6VJY	1.0	0.9090709804502217
A3SJVDX3EK28KH	1.0	0.8816507878204363
A3SK4WFWME8A8N	1.0	0.6533947977350376
A3SKW58FJR00LJ	1.0	0.8003133431977284
A3SKXVB40Q6W0Q	1.0	0.8362276798006791
A3SKXZXGJL71PV	1.0	0.9040729649798455
A3SL00G0D7GBGO	1.0	0.9044476317564467
A3SLQ8E61S8CMH	1.0	0.9369738752375472
A3SLVT1ABC3RKW	1.0	0.8862997545841969
A3SMV35531YME	1.0	0.9167717470248843
A3SNJORZ5SMZZ9	1.0	0.8477262749817777
A3SNLJZXVLUGL4	1.0	0.9187845797848382
A3SOV9HFM5H9T1	1.0	0.9168833542685209
A3SQ4G5WG0YEKK	1.0	0.866785067603276
A3SQFJYSEHWL8B	1.0	0.9345253856348975
A3SQQ40YGSTNKL	1.0	0.9504948123874124
A3SQSI56RFAVKP	1.0	0.8077214931426191
A3SR2FSNU40ZSD	1.0	0.8562367634756561
A3SR36PIOEYYO1	1.0	0.8938993830387266
A3SRDVCD2ATIIS	1.0	0.7639027470028298
A3SRMDJU265VND	1.0	0.9511659667049374
A3SRSLNNFP7ZFI	1.0	0.9452915301530761
A3ST0YR80HOF7C	1.0	0.8614618250852918
A3ST79HC1Y2ISP	1.0	0.958629579431939
A3STDXK0XHKD60	1.0	0.620262423800209
A3STFVPM8NHJ7B	1.0	0.751538751798088
A3STHS6DG1ZZFP	1.0	0.9773398155100381
A3SUA3XUMKLWZ	1.0	0.8998299520316646
A3SUXMXF43EL51	1.0	0.5884395096328142
A3SVCK3QJ0QGK7	1.0	0.8208272445941639
A3SVEMU8N726ZJ	1.0	0.8867400871226994
A3SVEO7B77QV4E	1.0	0.8487656254260536
A3SVKDRO3M4NS0	1.0	0.6909264384088889
A3SW3SCPOEJUL6	1.0	0.7870093214043371
A3SW8UX4L6JKDJ	1.0	0.8035615782165161
A3SWTC4MJSYI9W	1.0	0.8361030650211374
A3SX6XS1FPSRVB	1.0	0.820040834035823
A3SXSJMS4DROXJ	1.0	0.8605967143547215
A3SXXX5F0KL2D	1.0	0.8905671125494825
A3SY40YETOFALL	1.0	0.8036076718635061
A3SY6E5VOL20ZD	1.0	0.8576333177270006
A3SYJC4ZO4QTBE	1.0	0.9476431948651953
A3SYLWP7RG5LSM	1.0	0.8141612642519162
A3SYZTIIYOOT8A	1.0	0.6747772928208383
A3SZ8584C7GNLU	1.0	0.5661655226322893
A3SZBE5F3UQ9EC	1.0	0.956514337057089
A3SZBZLU0FOKSZ	1.0	0.9601425949647989
A3T0YPN7A88L9D	1.0	0.9142524561985569
A3T11TPKHWDAM9	1.0	0.8719055448829783
A3T13H29NQEJOI	1.0	0.835860364009728
A3T14C4PP1HGO1	1.0	0.9182338310085282
A3T1E6G0SG11BR	1.0	0.794875260256555
A3T1LY69AJNJ2Y	1.0	0.8353996580964071
A3T2F40NCAB6TO	1.0	0.899979089801166
A3T2PG0LGM12ZT	1.0	0.8510558019984718
A3T2VJPV97JDBW	1.0	0.7227121866689336
A3T2YGS8W4WK1E	1.0	0.8075853564594344
A3T3GLS9CH88G2	1.0	0.7632850498065673
A3T3Z2HMV17VLL	1.0	0.520130561978681
A3T468BOTMJXXM	1.0	0.8216308501936803
A3T4U5KGNMMFSV	1.0	0.9400171662212375
A3T4XBD3BKDRB6	1.0	0.8385145761843813
A3T4XUBMXOPAO1	1.0	0.6601495122202004
A3T5ADIA5DAL1R	1.0	0.7497004268105776
A3T5JIV2U0LJ7M	1.0	0.7851290838986961
A3T5WEYZM9U30C	1.0	0.7931394530146916
A3T6AUBPSA5D5D	1.0	0.8117878577288352
A3T6NWHAEYT9N9	1.0	0.9245098095486669
A3T6XJTWL7LAIH	1.0	0.9270984492323983
A3T700L8AK80NK	1.0	0.9231121008960096
A3T76X0NKZJPAT	1.0	0.9258231012927735
A3T7H7F0LF5B9B	1.0	0.9331470070500593
A3T7LJGAQG5C3W	1.0	0.8099691197959089
A3T826LZCYVVVF	1.0	0.9520895829699672
A3T8P3ZFN2Q6PS	1.0	0.8619006647552133
A3T9IX8EDFDX4G	1.0	0.48768133344990444
A3T9SAL74D6ORZ	1.0	0.9509236084841207
A3T9XXL63R5GWH	1.0	0.8597867167364815
A3TA21GHC50CKQ	1.0	0.9626315618652183
A3TABK9RBNMVHG	1.0	0.9422622268541159
A3TAM6YP1LZJVT	1.0	0.9289359278916325
A3TBIY6NWZAW7F	1.0	0.9090377974586171
A3TC5L38GXNY9I	1.0	0.4896306862041211
A3TCDWQXX5EQQV	1.0	0.8713604483882786
A3TCHY05OCHZDJ	1.0	0.9377837226015349
A3TCKJF6L2Q7TK	1.0	0.802885010910541
A3TCMA9ZVW4EM1	1.0	0.3991813349481508
A3TDCV4TTKWMJC	1.0	0.6908181057230113
A3TDIVG59HJRK7	1.0	0.9359726886158334
A3TDKIG05HHNJ9	1.0	0.8866896218482034
A3TDWR2G5MSTM2	1.0	0.845906910967033
A3TDXJUCLKH2MB	1.0	0.9429016078212825
A3TECJ038564IZ	1.0	0.9478456733048873
A3TED3X6QRL78W	1.0	0.8609785450940802
A3TEU7G2FCRKI8	1.0	0.6501482014467183
A3TGKOV5OEFI6V	1.0	0.7881518554189043
A3TH76E98XB7E	1.0	0.5603448306553893
A3THAE7AYOKWIT	1.0	0.7528090102480548
A3THFL1HC4MWIF	1.0	0.9421371496811594
A3THFNU3M5B7S1	1.0	0.9212019111031091
A3THSGE4JMQRJC	1.0	0.9487970728934463
A3TI18KZIZY05O	1.0	0.4647529827816331
A3TI1WDAEOTD0I	1.0	0.8602207482740986
A3TI9JIGIDSC52	1.0	0.7658355442970748
A3TIENRAOCCAL2	1.0	0.8216232648204748
A3TIMMYVZM11Q4	1.0	0.68746743313922
A3TIQ523O0W6OQ	1.0	-0.1866437006538829
A3TIU81ZTRSXW2	1.0	0.8956913466097746
A3TJ2DSEFWY7DY	1.0	0.8445717244205208
A3TJ82VBTRW3O6	1.0	0.775152364246502
A3TJ8N7JIFJRNX	1.0	0.8141976219711984
A3TJF1KM26WY38	1.0	0.9070250682465092
A3TJKQFQNU6AW0	1.0	0.7677994269854445
A3TJMZ2YFNECYN	1.0	0.9776929048514892
A3TJWXVWGNHKO2	1.0	0.8246956922108323
A3TKG58ULZI7M2	1.0	0.9550050664749483
A3TKL7X26QKKMO	1.0	0.8673381871381346
A3TL36QX5YQZL3	1.0	0.6937436652323433
A3TLADIPPL90BA	1.0	0.7757893711913095
A3TLEZYIAWO16D	1.0	0.912818504939165
A3TLHI6D2P7B9Z	1.0	0.8785087633670585
A3TLIA64FX0O1G	1.0	0.7350703136197206
A3TLNJ200N2JP0	1.0	0.9054296420734459
A3TM7P9GGJ6F4C	1.0	0.8087717818218345
A3TMBYDFP1B9DM	1.0	0.881002502549559
A3TNYNA2360NPA	1.0	0.8759977559261025
A3TOVEQRMSU1NL	1.0	0.7593558267960059
A3TPEC0YXHPR05	1.0	0.8399105532227606
A3TQLPSGKG6X3E	1.0	0.7482803102268986
A3TQRHIXSTUAR5	1.0	0.902638230672505
A3TQTXHGL2WGR5	1.0	0.7308086140245834
A3TRED2IATTY3I	1.0	0.702381792742704
A3TRP6BX0XNMQQ	1.0	0.7729079714117449
A3TRSQT9FEWWVT	1.0	0.7776309595997346
A3TTE6J9NJTCFX	1.0	0.9335079171859589
A3TU1GHV3P3SZJ	1.0	0.9065309247515962
A3TU2AE9YWCAL8	1.0	0.9296391374699985
A3TUBXO5OYXYT7	1.0	0.7803914902972638
A3TV6ZELQ7D828	1.0	0.9585041408487781
A3TWHEFZVR8UQR	1.0	0.8941254636067649
A3TWUF3SOXVBMM	1.0	0.39672951456091676
A3TX76J7GR8VR0	1.0	0.9552911996990805
A3TXV05NP1NZGC	1.0	0.9306791688862676
A3TY54T5QG26ID	1.0	0.956268765442776
A3TY56Y2HAZ0R7	1.0	0.9447492208038293
A3TYONQ6HRVDUS	1.0	0.9706867125719976
A3TYVEKUDNOLDH	1.0	0.6516515470250538
A3TZ98B70LW2SW	1.0	0.9486078528856506
A3TZKCKUJA7UE7	1.0	0.7284232000282568
A3TZVNR1XNHGEL	1.0	0.7534975772726898
A3U00F26HASSJG	1.0	0.9733222072958103
A3U02GHXXL1TJL	1.0	0.6567403226885101
A3U0B6OMLOPQPN	1.0	0.9598260562670585
A3U0WC17N201JC	1.0	0.6886452220289521
A3U17FQKMMBQF1	1.0	0.9104185300645055
A3U1F7WH7H8JK	1.0	0.9351075338005248
A3U1LK9G3ZL7ZB	1.0	0.42451107757368367
A3U27ALOO4IN8O	1.0	0.9812930575957574
A3U27M8L44UKZ5	1.0	0.8728284764195589
A3U28HWEQ3JBIB	1.0	0.7609522108383593
A3U2EG1S3PQHYX	1.0	0.9174249806322944
A3U2G3AZQYLNJF	1.0	0.850390867238125
A3U2MWMJWGSDJ	1.0	0.839904037883202
A3U2OC19E0B327	1.0	0.735784333420334
A3U3EO4A0B9YC5	1.0	0.8150407495291756
A3U3HNXQ6XK2EM	1.0	0.8817811774440159
A3U3PA6J2XOVFK	1.0	0.9421893635908096
A3U3W7URZU9259	1.0	0.31429334919303575
A3U3XF5OX5K2C4	1.0	0.9560603660111775
A3U3XGI6UL76H8	1.0	0.6638028563495628
A3U461XFE4HOO9	1.0	0.8559790759682516
A3U4QDRXBFJ28K	1.0	0.9470709801166002
A3U4W5N2NCA1HQ	1.0	0.8946289965980427
A3U5HFB7TIDG5W	1.0	0.928066204444395
A3U5MKYSV6YIOM	1.0	0.742805465743723
A3U62PW290APHL	1.0	0.7927864001195548
A3U6O84GRQI7JW	1.0	0.9558255351699924
A3U6W30C8NV11Y	1.0	0.9415899300679356
A3U71GAJPB4EKL	1.0	0.4617439197502115
A3U71Q10EJUMZ2	1.0	0.9107526843526222
A3U7247JF0L52E	1.0	0.9068354547317216
A3U73UWFHBAUXY	1.0	0.9518365520948066
A3U7DU5LCD7O1B	1.0	0.13375832245186234
A3U7LXGI4U3KFG	1.0	0.9683740633142466
A3U7N3K47NY2B9	1.0	0.9254780147225312
A3U7PJOXABFRFF	1.0	0.9028606845445766
A3U7ZB66RYGVFH	1.0	0.563436102578617
A3U80Y2MK0G952	1.0	0.4027613152218122
A3U86BP7Y64RSQ	1.0	0.9694395277380364
A3U8J6HOIYKIFM	1.0	0.9121776877498646
A3U8L8GQE583S7	1.0	0.8571224175833858
A3U8RGCLC5WWBX	1.0	0.9236515519804684
A3U8ZQQG3916FW	1.0	0.9091697174630367
A3U90GU76S964Z	1.0	0.9762805474856849
A3U9FLK5R83VYJ	1.0	0.8759251361811786
A3U9MQSG87E5TX	1.0	0.829926568471506
A3UA3UJBQFZDQQ	1.0	0.8941125507347651
A3UADGC8B28SA5	1.0	0.9620269304413022
A3UAUNRCOWWXLF	1.0	0.7100141748073078
A3UB5Z0EMOTK20	1.0	0.6774292544604775
A3UBCBATB4P2Y1	1.0	0.7636889324526978
A3UBTWVZ3EVO7Q	1.0	0.5614909542110472
A3UCA63U8486E6	1.0	0.7568338583399186
A3UCQ3MT3S5J30	1.0	0.7613071741907096
A3UD2OHHG4F4SI	1.0	0.8877891421676037
A3UD6HHZZLTRS3	1.0	0.9409851987259058
A3UDMOLVDUMHOC	1.0	0.9802337895714041
A3UE57S8G2G72Y	1.0	0.8545937325030826
A3UG8D2OEJI6O	1.0	0.7210931208383561
A3UGGSC3T3YB21	1.0	0.9108963269030624
A3UGHNEHEVSFPT	1.0	0.8020492765196121
A3UGMWHO9PYRNU	1.0	0.8834391223654819
A3UGRW2WDAPDMT	1.0	0.898707142174586
A3UHGJ4ABF9ORT	1.0	0.9294785618101993
A3UHGLF90GM0SE	1.0	0.8072445142867007
A3UIUPYW62FLE7	1.0	0.8665664984914789
A3UJH47QEVZUSQ	1.0	0.9452835562747413
A3UJJGY799F76I	1.0	0.8035424750905725
A3UK5MH8JR22AO	1.0	0.8435395258900389
A3UK6GD6L4GBRO	1.0	0.5452578198836745
A3UKGWZD8VLW3Z	1.0	0.9728773651767333
A3UKPCX0TWUJB4	1.0	0.5508188116162384
A3UKYVN8W414F	1.0	0.7625105826981372
A3UL0IZE11VU8A	1.0	0.716525687434184
A3UL32AVTAH3CI	1.0	0.916147376711166
A3ULFI74VYDVEY	1.0	0.8251942102260477
A3ULR2D2TBFH7R	1.0	0.9643551520329172
A3UMOB2TP01BBH	1.0	0.9291254724687483
A3UNK4H9X4FEUJ	1.0	0.9626315618652183
A3UNP6OB9PFPUX	1.0	0.8105414310611176
A3UNPDOS40TSF1	1.0	0.3931426923016841
A3UO2E3WC0VJSO	1.0	0.9248884003713355
A3UOIA177NZ49V	1.0	0.6924050209922451
A3UOQ5DZBKAAL2	1.0	0.8820484353922867
A3UORV8A9D5L2E	1.0	0.9733865734243189
A3UOVNUQVYDEIZ	1.0	0.4538478161844119
A3UPUGP5NSOZRU	1.0	0.493956992040399
A3UPWQ9K3FIGHD	1.0	0.7984798863279575
A3UQ4NONAUZ3PA	1.0	0.7814892217265036
A3UQ8S38W9L7ZF	1.0	0.9723273053999657
A3UQB8Q6JSD9XU	1.0	0.6051038355785883
A3UQOR4P56J0LT	1.0	0.9270914364575771
A3URRZ02P8KLWM	1.0	0.9258108965706223
A3URYY7ISVU1MN	1.0	0.8806416692211537
A3US3SCR0VKV2N	1.0	0.9485385935558931
A3USKSPDZSHL3P	1.0	0.9729276238116595
A3UU1V0MP4I9GL	1.0	0.6668282084054913
A3UU3XY4G0MKP1	1.0	0.9611737578257102
A3UUB62JGRT77Y	1.0	0.8337029999804123
A3UUNS5PTYQ0JU	1.0	0.8961072750491157
A3UV6A20PDU3KG	1.0	0.8700134399496788
A3UV9MSYIWU3PT	1.0	0.9033342473398658
A3UVYL7NZHDVMF	1.0	0.9363468134839938
A3UW0VF17YV95A	1.0	0.8043179131032321
A3UWABJ3RUDZ3E	1.0	0.9413382880673569
A3UX5OABV4CGEU	1.0	0.9557897941805257
A3UXNEYZL3N0JD	1.0	0.9643551520329172
A3UXYZVOTGI120	1.0	0.9583016626886143
A3UY2UWHLR35JI	1.0	0.936748126628493
A3UYBSSM90CG45	1.0	0.8696580843213197
A3V0DQW4Y04H7	1.0	0.9169819161998971
A3V0SIU4VW98	1.0	0.8581918337324691
A3V11P7PLBLIV6	1.0	0.9355031339549733
A3V1DUGH634VUW	1.0	0.9610794701849976
A3V1JHRWLS1YLT	1.0	0.8576832849141094
A3V27E71M4F2NR	1.0	0.9665393572772337
A3V2CMCO17RTY5	1.0	0.9628357151630519
A3V2HQXSV03TUH	1.0	0.9805868789128551
A3V2RU2KSDF5W9	1.0	0.8665526598555959
A3V2S6CD24S0VA	1.0	0.970878435668036
A3V3SCK15J9QO6	1.0	0.63005201517717
A3V3U4YXPIUSLY	1.0	0.7501629099537742
A3V3Z5FOF3NEMA	1.0	0.9579147678829992
A3V4CL53QT9X7N	1.0	0.9458454051697823
A3V4S1M6YV5KE9	1.0	0.9089726083801125
A3V57J11CLK2D	1.0	0.9467698531747816
A3V5AIAI2M4R4Y	1.0	0.13521573880843824
A3V5GY711ZL680	1.0	0.8640510216270472
A3V60LOK78AFYW	1.0	0.8768757815226125
A3V62E9O0O1UQF	1.0	0.8618661353198785
A3V6FFTQYD60I6	1.0	0.8922352387362906
A3V6NVOVK58MY8	1.0	0.9375722060665546
A3V7IWKMMEL8CK	1.0	0.9515925585731844
A3V7PC7EDB8VA5	1.0	0.911931651231666
A3V7YBOKJ1UWZ1	1.0	0.7088492932178291
A3V80E4LJ7C36X	1.0	0.9131062347628461
A3V89YYS19FEFG	1.0	0.6729946074575386
A3V8ALFLGQTKNY	1.0	0.7424617699900228
A3V8WEVBK7V6K8	1.0	0.6991388722239219
A3VA5D5GJPTRLC	1.0	0.8996180718317012
A3VAFDZGHTRIRA	1.0	0.8113796999322535
A3VATUIL0LYMSZ	1.0	0.9475554358171087
A3VB5MBDX6RC3X	1.0	0.4797369010403255
A3VB6O2AQ1CXNH	1.0	0.7308400807278672
A3VBF80SDZVSIV	1.0	0.9269696797340555
A3VCD55IVLNSJD	1.0	0.9470789311881399
A3VCEF26TSSRFO	1.0	0.9065966482432517
A3VCOHXSS0WOCY	1.0	0.8554929473121321
A3VCRRAHUYIU4I	1.0	0.8760665716366675
A3VDERO4IYBVRG	1.0	0.9680940079257576
A3VE19LO5TVQDR	1.0	0.7438099596393498
A3VENRN00ED2SF	1.0	0.3765220915329933
A3VEW58PDJVVMJ	1.0	0.8435623342438496
A3VFC504EMTHCQ	1.0	0.8413276490260564
A3VG4VVNMBD990	1.0	0.5108055453035099
A3VGRJR7LNAKZN	1.0	0.8828871063755624
A3VI917NY8MF0L	1.0	0.9548737442291206
A3VIEMS31B9A6G	1.0	0.8766149558539741
A3VIQ2NVEO70FH	1.0	0.7991122082257022
A3VIYN3U4J9J02	1.0	0.8351397858725896
A3VJ7SKE83Y5SJ	1.0	0.9279715944404973
A3VJE1ERI2TOV8	1.0	0.7687485161526711
A3VJPKZBU27BXQ	1.0	0.8641081523899861
A3VJT4G8R7XTDJ	1.0	0.9340186666271528
A3VJZ01TGOLSTT	1.0	0.9525610949713698
A3VK4PR7IWKI36	1.0	0.8264511205056422
A3VK52V51NQLCO	1.0	0.9697744941401568
A3VKMOX7O7ZVOF	1.0	0.8474504867046921
A3VKMUJG8DBODG	1.0	0.6570608224742681
A3VKOA1KSTZF7F	1.0	0.9143476304440579
A3VL8VO5JI2QBI	1.0	0.8347810894174144
A3VM7UUS9OBX6D	1.0	0.7064939067389261
A3VM9K4M0RQZRQ	1.0	0.8763696477176817
A3VMQAQ73TWBOC	1.0	0.8984676205799323
A3VN9FHUMME8IY	1.0	0.9075763566092052
A3VO4I085MJQIT	1.0	0.839112077883249
A3VOG992FZH570	1.0	0.9501672041841446
A3VOHXIIDN0OC	1.0	0.8901052124799562
A3VOX7UUT1Z9NS	1.0	0.8666653590431836
A3VP6APOW447ZQ	1.0	0.8452315242568433
A3VP7R56AZ744P	1.0	0.9822577156162126
A3VP9JGZNO78JP	1.0	0.807276329961743
A3VP9XSTVC323H	1.0	0.8075166645201073
A3VPDM6X5UQLR2	1.0	0.7928351473964775
A3VPEY3KJDU20G	1.0	0.8840599614700122
A3VPYYAEVGW8EW	1.0	0.9610794701849976
A3VQ51UMX22UGQ	1.0	0.877804201690279
A3VQ7TESAWBNG9	1.0	0.9290896928490664
A3VS7IWZZ1K6UK	1.0	0.9689241230910141
A3VSBLDBSDFJ5M	1.0	0.8548318647770917
A3VSDUEXDOY3DU	1.0	0.6461914910539587
A3VTISI1FU67MP	1.0	0.9805868789128551
A3VTK785JOOEJK	1.0	0.7242426338990667
A3VTSPF7JQ80UQ	1.0	0.9403741883963167
A3VU112V9W8Q4A	1.0	0.5934891675314907
A3VU2IZYWGOEJ3	1.0	0.9470724777153728
A3VU4L3G2JOPII	1.0	0.9308314462487438
A3VUSYA3W0FVV7	1.0	0.8778199533398265
A3VV43WDTLKVU5	1.0	0.9615676986963433
A3VV4YJ9LMF5TK	1.0	0.9303244775648682
A3VV54BAWC7TJV	1.0	0.8750930508960142
A3VV7FTX0SC58J	1.0	0.8111489036481451
A3VVBK0TOB9I3Y	1.0	0.9288251757592669
A3VVNUSUMKOUKA	1.0	0.5557208807061703
A3VVT5RNHN3Y9W	1.0	0.8530492148196284
A3VVTVXOAFYM5B	1.0	0.6823770723644741
A3VWEN4K0HHOKX	1.0	0.27294812600067503
A3VWJVPY033S13	1.0	0.6068263158870416
A3VWZMMIKPY2XU	1.0	0.8292413633100167
A3VX067AED1NHZ	1.0	0.8554686005082497
A3VXAQDS94474D	1.0	0.8900586683180649
A3VXBO4QQX3ZG8	1.0	0.9287685094327708
A3VXBVJUQC8CX5	1.0	0.9474554724517521
A3VXSKZ5T7IT6S	1.0	0.8020912987812817
A3VXYYOF5WOTNT	1.0	0.9668720066887707
A3VY88GP98AH0X	1.0	0.5915596335791317
A3VYAQT6XLWZWU	1.0	0.6267483044926306
A3VYISLSA79UDQ	1.0	0.8004802232380226
A3VYRKIBWT8L58	1.0	0.9270069364200418
A3VYZTRFAAT6J8	1.0	0.9350120206249751
A3VZ2NMGUPKAB5	1.0	0.762805474856849
A3VZ9250PNV23T	1.0	0.9205110192924647
A3VZA6WJAC5ZCU	1.0	0.9114192892607966
A3VZGFR4KNN25S	1.0	0.8187760789347283
A3VZHJ0UEGMUK1	1.0	0.6476175613424637
A3VZTK3XEHN7T2	1.0	0.8191033866569788
A3VZVYWCTGIEV0	1.0	0.8786458726783629
A3W0POMI33YQXQ	1.0	0.8698423950860479
A3W1832KL618NH	1.0	0.983222373636668
A3W1R40PQPIKDJ	1.0	0.8958509159961419
A3W1VCOR4O868R	1.0	0.9147334841143103
A3W3720ZL310HK	1.0	0.725166666210743
A3W3GALJ6F66D9	1.0	0.8929069511804056
A3W3NY5JLFA8CI	1.0	0.6747141450953844
A3W3WDF85ITON6	1.0	0.810316562725606
A3W4D8XOGLWUN5	1.0	0.7393674258585398
A3W4F8VCS92GZ2	1.0	0.850871117262841
A3W4KKHZAVCRNB	1.0	0.8947001717255266
A3W4SX5CA1MK2I	1.0	0.9622549047743335
A3W4UBZ6IP99NQ	1.0	0.9163057077385082
A3W4ZHXHWZFWW5	1.0	0.953183402140181
A3W527BN42AXN1	1.0	0.9132053281537251
A3W570A75YM6IB	1.0	0.9802337895714041
A3XJ5HY7KGVSH	1.0	0.7386961367968355
A3Y2UZME5JTYB	1.0	0.9676063757291077
A3YJ1HDE2U7BE	1.0	0.949925600247557
A3Z0IF56YJOVS	1.0	0.948374022729289
A3Z9QN0RCOHEY	1.0	0.911882794306117
A3ZJPUF6D02F7	1.0	0.4031294039468131
A3ZP52CRXP22	1.0	0.9234932721049031
A3ZS8W213U82B	1.0	0.9772688580071147
A40C06AOM6EDA	1.0	0.9546763373462199
A40Z1IGYRLUU9	1.0	0.9064652879787863
A411DVRTQ9S0D	1.0	0.8230269209008068
A418V0RM3HZG6	1.0	0.9397328323160268
A41AND9U7IPDC	1.0	0.94921974392784
A41KJWUS2RPKL	1.0	0.7832312406717844
A41RLT345QA6K	1.0	0.8548207141627958
A42FCLQZIV4YH	1.0	0.8917115876602628
A42HJM8M2STWH	1.0	0.9177283101200118
A42PJ9K10RLMT	1.0	0.7801062466880291
A42R1YNTVYE15	1.0	0.7494213894381648
A42UX3BI1Z55D	1.0	0.9164205695556018
A43ISS9HEWYNT	1.0	0.9155546095828622
A449FP7EPXEDI	1.0	0.8575842520502206
A44AIVX4NN9NF	1.0	0.4811904469709017
A44EUYBEBDX20	1.0	0.6154724496936028
A44XTWV3NXSY6	1.0	0.8681626115341823
A4507F879T1SD	1.0	0.8278149819446278
A454UHTW5YHLC	1.0	0.8430941780185741
A45894FWVCH9Y	1.0	0.8600913949768713
A45979GJRPS5Y	1.0	0.9621177584731109
A45C6K7FMU7CQ	1.0	0.9409851987259058
A45TVPRSX7IT1	1.0	0.9881402737428424
A4622J2IA15MN	1.0	0.8556026592707845
A46MU7II6LBW4	1.0	0.7476076752288812
A482F1K5S4QS5	1.0	0.9209578229748715
A49NT36FT7V3A	1.0	0.9521825041487011
A49S23OY70M39	1.0	-0.002479237147822341
A4A6U5YXG57WS	1.0	0.8976815211833921
A4AK5HMUQPADK	1.0	0.9381604839942973
A4B7SKAC4607H	1.0	0.8853559795141437
A4BZGF4KSQVEX	1.0	0.8054002154165907
A4DE4SKCAHQGI	1.0	0.9474554724517521
A4DXO8S25UGFH	1.0	0.9176214168277975
A4DZ12AFVZ6LT	1.0	0.9140837446936438
A4E8DSIT3KROZ	1.0	0.9617411163683547
A4EKX22OU5L8K	1.0	0.9119635613117187
A4F027AV3Y8L2	1.0	0.9327162555354046
A4FBU70Y5BLGH	1.0	0.9514849515460511
A4G5C8AO0CSFW	1.0	0.9213031017705325
A4GHIPDQWNI34	1.0	0.5717980034201898
A4GQJPB7QQ141	1.0	0.9658212520544376
A4GU46B1MDFIB	1.0	0.8268852612373834
A4H3RFKDRL6IP	1.0	0.9433698277376528
A4HYCGMG9NY7I	1.0	0.8697650861718762
A4I6G04U8I4T4	1.0	0.9566696927489785
A4IUYXZCRHS3N	1.0	0.8915218254639407
A4JBZJKQDUG9	1.0	0.8386921167123247
A4JDHBH6H16LW	1.0	0.9136576195889878
A4JR0245HK3II	1.0	0.7515840712586255
A4JY3FHF5A7FD	1.0	0.9414075473971143
A4JZOZEZ8NLUA	1.0	0.9067990093498383
A4K864ABUK4YS	1.0	0.9595975311262507
A4KDRKRTRMH51	1.0	0.8294663290061163
A4KOEVVLNK7C8	1.0	0.960937157412427
A4KUQVW768S9M	1.0	0.9768306072624524
A4KVXNCQI8A5Q	1.0	0.7033234654323661
A4L1CPRG8CC03	1.0	-0.17576833068011427
A4L30FEUIR0ZV	1.0	0.8482945488809135
A4M01GLNOVO70	1.0	0.4110358881182515
A4MSAOOL01JMG	1.0	0.8441608367093364
A4NSLL0MSFGSN	1.0	0.9231015754523452
A4O9YRC9ICVGJ	1.0	0.9087194363345041
A4OA4UWH4DPG7	1.0	0.8115255325637926
A4OITRIBWX10S	1.0	0.785859838085158
A4OJWUX1MKR3B	1.0	0.7060938753093752
A4ONUBHZCLBL6	1.0	0.890229970964701
A4OQ36MOPVNZ0	1.0	0.804196061470505
A4OSXRZR2BMX8	1.0	0.9701549603028848
A4PGV4TMASKF7	1.0	0.8587470238374879
A4PNMSA5K5OTX	1.0	0.6764860136219039
A4PTUEVFE13K6	1.0	0.9055148065782674
A4R0V9PH7BT50	1.0	0.9833875447759819
A4RLUD8NRKOVF	1.0	0.822607981407005
A4RTYQ6Z0UFJA	1.0	0.8720778124137334
A4RUP8VU3MGVC	1.0	0.9060673789301819
A4S2GMZIQKEHY	1.0	0.9825495451698742
A4SBDA2WEEQYB	1.0	0.967504015297689
A4SHPW1U7X1VN	1.0	0.676489236063319
A4T9CLMQMGX9F	1.0	0.8683492098625298
A4TF1N0C0MQ2W	1.0	0.8851746514567965
A4TMBO6TIGUGV	1.0	0.9245098095486669
A4UXINXYBHTMF	1.0	0.9037487279712804
A4V6BTS8ZIWDO	1.0	0.8661213070068456
A4V7FFTKI75YK	1.0	0.8177220034144494
A4VENTV9JEM2N	1.0	0.5813326716923627
A4VJGAVQLNM36	1.0	0.8873721488034918
A4VVY86B2GC3Y	1.0	0.7948448154149846
A4VXT3AU0026V	1.0	0.8033971637383941
A4WJCSWTYYKXA	1.0	0.9209351582856163
A4WPN5QOVMA6F	1.0	0.9848932103400253
A4WWCTBIBEFK0	1.0	0.9298677523274862
A4XLUVVALVU9J	1.0	0.6204886182806021
A4XVNR4BRD0KG	1.0	0.6475839599327623
A4Y01T9GSLY70	1.0	0.6777444442963475
A4YGXAE8YVRTK	1.0	0.8825924001376294
A4YJR400949FJ	1.0	0.8415743772644756
A4Z9NHOW5LT0M	1.0	0.9621177584731109
A4ZE01KZ9L6U7	1.0	0.8970771871117862
A4ZWRHR0VZE27	1.0	0.9570643968338566
A5011NVCXD4HN	1.0	0.9202830085056768
A50E172X6VE3W	1.0	0.6148781770026841
A50FUX9OK6GRH	1.0	0.8180284152127394
A50JXEFGA7634	1.0	0.8095555779983826
A50L19N0HMBG4	1.0	0.7214642383473197
A50N0VSCHXJQD	1.0	0.6493825802879043
A50VORX63BFKI	1.0	0.9519394947191429
A51AIYGPNLUBO	1.0	0.8532241747727369
A51F707J6PTA6	1.0	0.8553569708761305
A51UE2E6LALG5	1.0	0.9615268471671614
A52AMMGE479ES	1.0	0.9471587671325239
A52I3VQQBT79	1.0	0.9794661019862652
A52Y39SZ0HMRX	1.0	0.8928295037706357
A5315NACEPJKQ	1.0	0.8724166044702103
A537P5U5J6PQ9	1.0	0.8671150249430801
A53993GT6FK1Q	1.0	0.7982905688018157
A539D3P4G3BLN	1.0	0.9464041634511787
A53JHYKPQMESF	1.0	0.9683740633142466
A53MYGKVK9HEM	1.0	0.9433655236707461
A53RCDJ4OJW5L	1.0	0.8135579918592861
A541MG69ENNOL	1.0	0.7480124985373194
A5497B5J7H5UN	1.0	0.7317848615788357
A54F5QOHATBV2	1.0	0.6694288037972349
A54NBEOTYYTJQ	1.0	0.9060564961814424
A552RNR18HCJO	1.0	0.9688486277316303
A55P0DH34ZLYF	1.0	0.7441419259260385
A55PX2OXN41WM	1.0	0.8467858678807599
A56LZ6D9VWOKC	1.0	0.5407090374788404
A56UA0F4USXPY	1.0	0.7628953749255234
A56W0E01O60NY	1.0	0.6502419326504963
A5758OBU8SJS4	1.0	0.8058373366965008
A5765SIMK2F3X	1.0	0.8614588776300878
A578RT699K2V2	1.0	0.9648903994981463
A57CJNZ07O7Z	1.0	0.9128799152745386
A57MP9CBKX8R0	1.0	0.9161951989771375
A58437AUQICZF	1.0	0.9468677568525357
A58N07M0ZCYMB	1.0	0.5643429256666281
A58NEZYIIR2JF	1.0	0.22356701150064145
A59A8I923HUUF	1.0	0.865203246103435
A5A2QE6NECFR5	1.0	0.9088986627485081
A5ANPEANVMSX4	1.0	0.7973080924780841
A5ASFJ9UJTEE1	1.0	0.8752858775729292
A5BGOFZYCYUC5	1.0	0.8861966739277319
A5C6LI8YBLNAN	1.0	0.8398947304155923
A5CBZAL2RFTC3	1.0	0.6845710235448792
A5CCBAAD8WOBX	1.0	0.9002042898365651
A5D771XSVNBLU	1.0	0.9443274304820358
A5DEX7TQH2455	1.0	0.8525500602384476
A5DMX7QSYL760	1.0	0.9035978307812129
A5DWKS0E3RBGG	1.0	0.9149575109437053
A5DXROOCMYEW2	1.0	0.8115727549334713
A5E86VT8WFN4Z	1.0	0.7916762039942163
A5EBPLC5VG5MK	1.0	0.5557607666969687
A5ECBSB9OKQK4	1.0	0.007314707152518915
A5EQYRYXC2JHA	1.0	0.7473230342168747
A5FSTMR64D7WZ	1.0	0.8945143784942131
A5FVH10JBPVAH	1.0	0.8131176763197648
A5FYUZ5861YSJ	1.0	0.8603789012864081
A5G9CZ8SN3NBY	1.0	0.9167848062287022
A5G9EB5PI9TIQ	1.0	0.9051485554403987
A5GEH3M9LGLWN	1.0	0.7125898881678776
A5GN5D5EUSOY1	1.0	0.8409583976588151
A5GVXZHCI8V8K	1.0	0.21926227971301554
A5H8MBAK0F3IC	1.0	0.8372939490331526
A5HQYPHIPBTIJ	1.0	0.8221045808073921
A5HUEE1HB4LDF	1.0	0.8024458578118524
A5IKCPD8L64VW	1.0	0.9495569817204181
A5INNPI5FV0FL	1.0	0.7410344104226356
A5INXL86YXDR8	1.0	0.7918424474813811
A5IXBNW90WBWJ	1.0	0.937217704898112
A5JHWFE5SFRZ5	1.0	0.8682004050756382
A5JX65OU1V0DB	1.0	0.9631538316543514
A5JXD32NZ9XIW	1.0	0.9070595570360896
A5KTIFUDR17HW	1.0	0.6182362974751556
A5LWPQ0QOMJUJ	1.0	0.8842563742811536
A5LXEX10P77HW	1.0	0.692300211549397
A5MC7LP0ZBO4Q	1.0	0.6605805189897129
A5MG5945WRFUY	1.0	0.7021183364551881
A5N10O3M26QOH	1.0	0.9135898269754051
A5N3TY1001J1J	1.0	0.8763959596419646
A5NQHY6O7TYEN	1.0	0.8843676689927139
A5O05DQANCVF8	1.0	0.905500629958331
A5OYNBF0QX1EF	1.0	0.9079426887673132
A5P25O1Q8GBLL	1.0	0.7027951060380578
A5P7STTZE2MJV	1.0	0.7845517607571275
A5PNNWS2MUZSG	1.0	0.772236076016067
A5PNOZZV71XW4	1.0	0.8166782659932729
A5PSL3U8ZN3MY	1.0	0.9028174290749424
A5PZNLSCMM4KQ	1.0	0.6854797398835958
A5QK2F9RRK1YV	1.0	0.9549789618868112
A5QL70860QUQP	1.0	0.8852690007851844
A5QN0QWD8Y49P	1.0	0.7721455232473019
A5QNSYWGW3Y4G	1.0	0.9346239474738687
A5QZ4BAT2TE4C	1.0	0.44119409393311787
A5R3U8ZSFKAL4	1.0	0.9762805474856849
A5RHFAAIYHFZ4	1.0	0.9394543052342839
A5RX8JTDW08PT	1.0	0.8809386976282186
A5S3JYV2I3KDW	1.0	0.8519899467952753
A5S9BIBJTBFUB	1.0	0.9507718356080607
A5SVUGPL1KDHU	1.0	0.6274326596803577
A5T6X0RP6L0DE	1.0	0.6122808900472189
A5TABSUAD101L	1.0	0.9446546107999314
A5TJL46NVFH47	1.0	0.8953809997342884
A5TL9LOWZ38JJ	1.0	0.8259878739389731
A5TLQ5EQIJQYT	1.0	0.5919990477388222
A5TTMNG5JF9S4	1.0	0.6821636080296442
A5U0QU39J0QAW	1.0	0.7999550863363712
A5UMO4M6FT48U	1.0	0.774721044396117
A5UNQFT0JQ8B	1.0	0.9195534681075003
A5UPRXU1ZV36E	1.0	0.8273122173406365
A5UTBXSLXQLQ6	1.0	0.9273427421370288
A5UUKLEXZMJLQ	1.0	0.8366440093654313
A5UVADHADDI62	1.0	0.8524397535849
A5V22CUOYLCTA	1.0	0.9772754493815294
A5V34G66JTI66	1.0	0.8067059720051695
A5VD93RRPRWLU	1.0	0.9762805474856849
A5VKAGKURFJ	1.0	0.9507052706122862
A5VXYJ0FU0C1G	1.0	0.8676285058486258
A5W2DUJDIY3L2	1.0	0.8237745640107125
A5WRWOODTAY1U	1.0	0.9301521502137224
A5X54ANBPDKT8	1.0	0.82183625392208
A5X8JOC0MUDZ1	1.0	0.7314598053506541
A5Y677EEI7N8U	1.0	0.5874826090862044
A5YF77DUENCZW	1.0	0.8006194613768611
A5ZELOQA2OY7V	1.0	0.8507293608511288
A5ZKW0E1MC5CS	1.0	0.9519937395864595
A5ZWUWLXAS2LH	1.0	0.9586328731057953
A605V3XH1F086	1.0	0.9566465539953605
A607L4B1X6MVZ	1.0	0.6201842816311774
A60K3A8535404	1.0	0.9630020068204022
A61SYHRN53PHZ	1.0	0.9595343024508463
A62GPFA0ZOH6A	1.0	0.8440302729829658
A62NGTPK8SHDP	1.0	0.80979630208265
A648A7XLDASXS	1.0	0.7963165113872868
A64LEAZ2QF8L2	1.0	0.7858736744290256
A6520YROH00YN	1.0	0.9683740633142466
A65IPUPJCP6OE	1.0	0.41173948736986615
A66636BCQC0P4	1.0	0.6247717136863611
A668POFRTO1A7	1.0	0.9547250776937799
A66FDDOGB3H6W	1.0	0.8063103100296054
A66ST6Q6PP1Q8	1.0	0.7039739496684647
A66WBGGY7AYQ5	1.0	0.9090754320284588
A67HLNP00B4GF	1.0	0.8764339373618683
A67VOIAZLHW8I	1.0	0.5354722200993737
A67YW05PO7C73	1.0	0.5829066435382564
A68O5QBM16ZXW	1.0	0.9437139699474519
A68SBX7LGWP6V	1.0	0.9713389948785359
A691L9MLEB5B6	1.0	0.7344688384167389
A699WYCQTURKY	1.0	0.9662081468600526
A69K6VLKZA9OI	1.0	0.6847740991755027
A6ALNBHAWZ2V6	1.0	0.9701395100215018
A6AYTMYH4UM7E	1.0	0.8656557004372194
A6AZ6HST6E3W1	1.0	0.948957372205828
A6B9Z4VND9XR7	1.0	0.8101365285612272
A6CDW6C4BY5NR	1.0	0.9468548499070016
A6CNKQSDS52L2	1.0	0.8246408520365366
A6D4TIANI3E6N	1.0	0.9018084484849207
A6DNQJVI2KZI9	1.0	0.7848562997674956
A6DSDTFL9O4HB	1.0	0.8279882439611114
A6DWBKUS740D6	1.0	0.9816461469372083
A6ECNC0NP8WNK	1.0	0.9228084734286658
A6EJKOIWXTVYN	1.0	0.5654343524129437
A6ELKTJMLGY32	1.0	0.9731535549413722
A6EYFAIIPOWIL	1.0	0.8364852321159117
A6FEL6JGW2GAT	1.0	0.9536612145249049
A6FG5UP6V6QKD	1.0	0.811350185342799
A6FHPZMFO858U	1.0	0.5978968387628086
A6FIAB28IS79	1.0	0.9580736883555829
A6GVU7LNFIRNM	1.0	0.7662499679960653
A6H386LTX2BS7	1.0	0.9106227437857123
A6IBVPUFANIGX	1.0	0.7237455607419995
A6II2QP6CUUSG	1.0	0.944938440811625
A6IPUK4EEQIJH	1.0	0.9039963125377934
A6IQM4545TWEE	1.0	0.9448532712231387
A6ISI4H18HHS6	1.0	0.8243544930435908
A6J2MNVUHHX9Z	1.0	0.9497943284757019
A6J7UPYUI96XO	1.0	0.9572121861022699
A6JHFAIHFX1T9	1.0	0.9689672677995895
A6JP9YYJCK3WO	1.0	0.8626129024482757
A6JV90PMDIYYX	1.0	0.9344842207552821
A6KAKS4MSAJGN	1.0	0.9488295495602165
A6KK29KYWHIT4	1.0	0.8980421615903756
A6KOC4MJ7YQK2	1.0	0.8817811774440159
A6KV1DB9W7H78	1.0	0.7484795485407773
A6L120GK8GH9O	1.0	0.9246613319797232
A6LIUTQ6BCT1Y	1.0	0.9305378298345526
A6M21MCC4CB5A	1.0	0.8505332455247329
A6M5U2YWC3YFF	1.0	0.7417677641808825
A6MEJ7GTKM884	1.0	0.8176313683238714
A6MIWCQMSFOAI	1.0	0.8553569708761305
A6MY98IT3FHS1	1.0	0.7767174208548694
A6NE172YDSU5Q	1.0	0.8215163125259712
A6ONOX7JTO9ZA	1.0	0.6474140437208526
A6PDMRUZEDP9A	1.0	0.9615676986963433
A6PEUBK1WCM1F	1.0	0.9548030463075937
A6PGURVWUHG7H	1.0	0.8571475070520063
A6PIVJHLWMYJU	1.0	0.9379563147352709
A6PY4RPXL4O8I	1.0	0.9417676353735793
A6RQRYQ40XNRX	1.0	0.9169819161998971
A6SGXU3W0OB1V	1.0	0.9589322039725305
A6SR7U2PNGN0N	1.0	0.8042781590376182
A6T217Q60FQXE	1.0	0.9374982555954777
A6TCD92V1GHZD	1.0	0.8891578626604287
A6THIGNY65I28	1.0	0.9403741883963167
A6TLXHP0F1XT5	1.0	0.7637154235548705
A6UMJST9VMY8M	1.0	0.8810316959434796
A6UOM11FVGTRL	1.0	0.7897052322498191
A6URLUFXRGE3O	1.0	0.9531900404461796
A6USLAOLCHZRJ	1.0	0.9503657148838721
A6UUBR3GRONM3	1.0	0.9079360850173799
A6UWFU9YKLEW6	1.0	0.9109233252516455
A6V9U48RGQWQ	1.0	0.7384019469086278
A6VKJ5ADIQBVE	1.0	0.6566489637718022
A6W5EG17UPFL1	1.0	0.86049940010142
A6WSPBL9IY5CB	1.0	0.9598676480122744
A6WWHBZW20M9C	1.0	0.9209244757979737
A6X26HFUZH94G	1.0	0.9211002460315235
A6XGDXQEYA76Y	1.0	0.7142074928030149
A6XHF110BC856	1.0	0.7120975825939192
A6XMXS05BQ6MK	1.0	0.6510322202356694
A6XN95MKY7PF9	1.0	0.8965272594875989
A6Y0JU07J5564	1.0	0.8469356587221656
A6Y5R84GTS368	1.0	0.734665360356872
A6Y87W62SR7LT	1.0	0.9678944546262327
A6YVRRG6SG9H	1.0	0.7681811399188175
A6ZFPIS8MDMFG	1.0	0.8232415092190802
A6ZKAHCONUHX5	1.0	0.843905528284828
A6ZXPTYEGM5V5	1.0	0.5729181287754768
A700LS20799HH	1.0	0.6257209323172114
A701SS1JBCIH1	1.0	0.9732827330192597
A70IN4YLR67Q9	1.0	0.957614456610624
A70SA19AV52UM	1.0	0.6701026570832915
A70W0IPHBBLNQ	1.0	0.897965834738286
A70YTUFJY5HXN	1.0	0.94921974392784
A711QW8K677RV	1.0	0.8367985164352894
A72KEKIG7WATK	1.0	0.9733865734243189
A73DGV3N63RQ4	1.0	0.9207180739715702
A73G8SQOMPM0Y	1.0	0.9370062276165891
A745E2DZPQUT7	1.0	0.9543484206028952
A745JG9YVDSBS	1.0	0.6002665262428146
A745LFI21EZK	1.0	0.9733865734243189
A748G1WWJBENH	1.0	0.9072441679307239
A7491L0DLN8SQ	1.0	0.879963994040481
A74E00BR5Q4GV	1.0	0.8149792865205764
A753II4ZQY6I4	1.0	0.8616888023624225
A753ZUUT7A8OU	1.0	0.9510794782758081
A75J5IBS26S2S	1.0	0.8125340836431851
A77HR48IS9TH8	1.0	0.8912892389890542
A77WCUIJU4SKK	1.0	0.4110645829247316
A784II17GB3ZH	1.0	0.8721345972394625
A78AW3YYMMA1W	1.0	0.9400556769023001
A78CN2B5TX3VS	1.0	0.8649219703714661
A7928M258T797	1.0	0.9429016078212825
A79U60CCB9XF4	1.0	0.8198724021085556
A79ZZJYYRPN0X	1.0	0.8753923999004535
A7A74SK4MMN5Q	1.0	0.960574934178728
A7AO0PBCKSW82	1.0	0.7266573406080227
A7AOERVBC9AY3	1.0	0.8996180718317012
A7B5Q809F60SR	1.0	0.7691179718835215
A7BH80C3V2RUU	1.0	0.893901875275624
A7BMQFB2RTLUN	1.0	0.8383825658952565
A7C3ON6SX53MU	1.0	0.7099424229392306
A7CHFWBRE8KC8	1.0	0.6558868347034339
A7DF2GP948DI1	1.0	0.4657560749411883
A7DUOCS1MCOLL	1.0	0.9160133798017117
A7E0NLKYAYXBC	1.0	0.9003387867654883
A7EK88GF8N40F	1.0	0.9206658800183017
A7EOPVF583J8A	1.0	0.9792691315509487
A7EULYCLF39Q8	1.0	0.8695725873633285
A7EZFG25QTK3I	1.0	0.6803738621446025
A7F386MX3CQGC	1.0	0.9267092952459391
A7FR5M31FGCV7	1.0	0.6168568454647224
A7FXZ507G4D8F	1.0	0.8734962532569861
A7GD9WF93BEK8	1.0	0.9424509213654596
A7GYYTXILC4TO	1.0	0.9108963269030624
A7H8V05RTB5FO	1.0	0.9121839767717608
A7HOBV0G6UXYF	1.0	0.8589539898627628
A7IDSOYWGTE6N	1.0	0.6850158838313434
A7ILVKCMQIP7I	1.0	0.8956215202139622
A7IW7GH04NTF2	1.0	0.7183487728510564
A7JND8RP73CID	1.0	0.960937157412427
A7JNH315AFC8H	1.0	0.8907389658828365
A7K42S0RG1NRS	1.0	0.9234788328212852
A7K6GDM1QCELU	1.0	0.8525710654335195
A7KA68ILUFPOV	1.0	0.6886655693752256
A7L0ZK080QNIS	1.0	0.9629392045329657
A7L4V00P29J2	1.0	0.9508290710097893
A7LLBR5L50ECQ	1.0	0.9683740633142466
A7LQTXGRMVD6R	1.0	0.5811850627759559
A7MOJLF9PHYMM	1.0	0.8445685849023582
A7MVLE5RUNU6V	1.0	0.8749953802753239
A7N9JUZSJREON	1.0	0.6209918330787823
A7NB773T98WSK	1.0	0.8006241657893512
A7NGFU85R7GYT	1.0	0.8132519237121183
A7O05G42L82N9	1.0	0.9412191017743055
A7O3BN97NXYAJ	1.0	0.8963263363590017
A7O4GMPTWJNO5	1.0	0.9250776203791312
A7OWOI2WHIG4V	1.0	0.8714559653108651
A7OYOG5HQLAKR	1.0	0.9151703581779896
A7PFQE3ZWLN1J	1.0	0.5768944397247626
A7QENC552CLFV	1.0	0.9250032045313604
A7QMRSES8OJJO	1.0	0.8844138086136172
A7QYZFW6D8444	1.0	0.9230218469874117
A7RYHFKLLH2A6	1.0	0.9539615257972801
A7S4QT5S74H5G	1.0	0.9679895902513493
A7SC4XHK9XNHD	1.0	0.9657109849676511
A7SC6E8SYON8N	1.0	0.8237358088512354
A7SK91SE8UZE6	1.0	0.8742802222388498
A7SOLBSEPXCGB	1.0	0.8430432708209376
A7SV98BQ4X543	1.0	0.9596361641130174
A7T2VY28U2IDB	1.0	0.4049564094837932
A7TUTFAU729UU	1.0	0.5309833418578849
A7TX6R2PG89N6	1.0	0.8564221302726152
A7TZ1KOGA4A01	1.0	0.834480720529871
A7U593YQPBGE0	1.0	0.9822577156162126
A7UDVBLIR6YM9	1.0	0.8650035510806837
A7UH5YGIKEFR3	1.0	0.698506601540724
A7UJAYLXEMT4Z	1.0	0.7825568800698068
A7UJQQK9VQLXE	1.0	0.5440036709993934
A7USDU17NQCG5	1.0	0.8685147648386805
A7V0AV4IK0CPQ	1.0	0.9610607836281512
A7VJOOJRQ1WDV	1.0	0.870630992014223
A7VTBPE2TZSBU	1.0	0.9753158894652296
A7W24PTC0W7QC	1.0	0.9076261724308778
A7WA4V2NNTIWW	1.0	0.8455092220537264
A7WIGQKF9AFS9	1.0	0.7937673088152383
A7WZ7S2YHLYKW	1.0	0.9814213694451649
A7X2ZDW24PIBF	1.0	0.8131590078827103
A7XAHGJR8KB9H	1.0	0.9386214417715426
A7XCCPDVX2GMM	1.0	0.8731545251378531
A7XDQK9WQLJSU	1.0	0.19901073787340734
A7XTIZR24NL4C	1.0	0.57592600692313
A7Y4ETTLARUGI	1.0	0.5863265505535694
A7Y5C2963LQ1D	1.0	0.8814686660276799
A7Y6AVS576M03	1.0	0.8331018587622895
A7Y97PLJTJ25E	1.0	0.9671308386487772
A7YS109UNR4CH	1.0	0.8411146094977724
A7YZQW5WJEXGN	1.0	0.9480498090702454
A7Z8V25VA5IUQ	1.0	0.7877266353779171
A7ZCJNXXW8NTL	1.0	0.9115470574186163
A7ZKA31N3JZGY	1.0	0.8519862082584814
A7ZOCIUR386C1	1.0	0.8427218066063134
A7ZVK3V3S35CF	1.0	0.8605079996457179
A7ZZZR4QBBU7K	1.0	0.8428558202853088
A80EV14XWHDUH	1.0	0.9486408171852784
A80GO4MH6Q4AS	1.0	0.8828404454683692
A80L6T7LR9H1P	1.0	-0.18165283594628498
A81Z2THNUIWS2	1.0	0.9659660393878358
A8288BBR99IG9	1.0	0.8194628822629649
A82LXSUUGWDYF	1.0	0.3892486241964044
A82PRM6LDV0J8	1.0	0.9511427076211253
A82XRKUD85KU	1.0	0.9881402737428424
A8301CIL45ZYD	1.0	0.8178773531359402
A831IBFQB2Y1W	1.0	0.7621921121859765
A84CYG3CF1O9N	1.0	0.6244070130697226
A85283X38TKU8	1.0	0.9219415039109248
A855YKZLW9LW8	1.0	0.9644208212285273
A85AEPKH9N3LX	1.0	0.8139698027905674
A85KDMUVL82MP	1.0	0.27142064320763654
A86GY00J5VKMK	1.0	0.955808480737372
A86WP180LOBGH	1.0	0.6252593984230627
A88HIIMXXB2FF	1.0	0.7638715355738657
A890EV6R5C5ID	1.0	0.6657963210914707
A89ZTR4E8CB6B	1.0	0.873860122300191
A89ZZKNDFQH23	1.0	0.8514926223892448
A8ACYU4E6HQVP	1.0	0.975512859900546
A8AKRJ5NG4OUP	1.0	0.19340403943981394
A8B27U4OZMO69	1.0	0.8979799773913164
A8BEHNKBFPV62	1.0	0.9769694321050326
A8BGLZG78TKEM	1.0	0.9080330143571294
A8C2U9MF4UIF3	1.0	0.9158682998202099
A8CVI82KIIW99	1.0	0.7666017832458275
A8E2K33PSIZIT	1.0	0.3723080137990629
A8EAVKWQUH7C7	1.0	0.848761242761834
A8EDTKSPOMRWK	1.0	0.9214768160798756
A8EO6A5GV4E7A	1.0	0.889099957610786
A8ESJ6XFNXMLR	1.0	0.878286769374486
A8ETT0S8UTCC	1.0	0.7606276829610213
A8F0CIBTCVHOX	1.0	0.9665641697516816
A8F795A2GEAR0	1.0	0.9762805474856849
A8FDPXL97J77R	1.0	0.9700265623970596
A8FKME502E5B0	1.0	0.9604675791428081
A8FV0TLMNQKEW	1.0	0.9543556274475625
A8G58X2ZIUBX5	1.0	0.8164882179736392
A8GCVYKML236J	1.0	0.9364563412062128
A8GCXLRZNZILG	1.0	0.7865654393328031
A8GSG42HISSJF	1.0	0.7941846547928255
A8GZORM8RHDNE	1.0	0.42785819577117823
A8H335CH92FCR	1.0	0.7171627242976124
A8HGRYMBSJF6Y	1.0	0.8466018967449122
A8I717Q6DXOOK	1.0	0.9658212520544376
A8IBCMBE3RU7F	1.0	-0.18711613506811448
A8IFUOL8S9BZC	1.0	0.8046017431149257
A8II8E1BL86IR	1.0	0.8758982743738676
A8IKFKEPYA091	1.0	0.745510163108136
A8IVM3WRQIECA	1.0	0.8295056015279711
A8IVYKSKP8QFY	1.0	0.858203668915996
A8JB67XL4RR6V	1.0	0.7550397940204355
A8JY0FZLXHI28	1.0	0.9286342930896317
A8KS5ROFCJTS3	1.0	0.9353729497139794
A8LTE9CAXICHI	1.0	0.4648419411451587
A8LX3L2DA0WH	1.0	0.7767848694828615
A8M0NC20ONT0M	1.0	0.8880088160219406
A8M14CN5HX2JE	1.0	0.6768675800150098
A8N65GJ821ZCF	1.0	0.9733865734243189
A8N76G7E26DM4	1.0	0.9293777755961631
A8NE97C82NTT1	1.0	0.8688752343338396
A8NPUFDJMI37E	1.0	0.3351234346914757
A8O1EQNDZQRBZ	1.0	0.7313502001974144
A8O253SN2W40P	1.0	0.8178738267378876
A8OON06QWYWQT	1.0	0.9074120159388988
A8OOYIA8OTYKJ	1.0	0.8246010822069345
A8P4D7BY5W1WM	1.0	0.6890789908960258
A8P5KPVRDH79X	1.0	0.42354641955322836
A8PSNFVBSEPLQ	1.0	0.9518722930842732
A8PUR3YT5LS76	1.0	0.9457138788242847
A8QA5210ZQY5X	1.0	0.5556864317540635
A8QSQI01F3LGU	1.0	0.9296927010200305
A8QZWK9SUH66P	1.0	0.8192662793484712
A8R89IAABM9ES	1.0	0.8792703902173089
A8RKJ4DD8BK4B	1.0	0.9802337895714041
A8RSEDOMNXPH1	1.0	0.9331696079018749
A8RTDIWGK434Z	1.0	0.8053335950791901
A8SCX6VUTE05H	1.0	0.9683740633142466
A8SHWM8AJ1W2R	1.0	0.7381675976844171
A8SSQ3F61OD30	1.0	0.8527949388917438
A8SXPZNKVT8JH	1.0	0.9765112555845831
A8TAAXZTKFH09	1.0	0.9597499309768197
A8TQ40IV0RO5Y	1.0	0.9665848039509374
A8U7KSTN2H57Y	1.0	0.9227835662342516
A8UJKFQX4MK6A	1.0	0.7102867451833274
A8V0I3O89QAKQ	1.0	0.843000133378084
A8V4KMU6BXKG	1.0	0.8231336069985706
A8V5L0RTX9BRV	1.0	0.6812351958447637
A8V6MA9I3MG6K	1.0	0.9841870316571233
A8VKC7I0IV71G	1.0	0.6740314313442678
A8W4EX99OXJQ5	1.0	0.8935025669617204
A8W9YBMJDCSEJ	1.0	0.9276800494297237
A8WHB9D30Z3D0	1.0	0.7764287361083927
A8X6DE8LO0I1Y	1.0	0.8296273243639397
A8X8D4BUY5DFU	1.0	0.9610253857775426
A8X95VTNGFY4L	1.0	0.8984394241718558
A8XK1QZP3KWET	1.0	0.9187314688511444
A8XOWELH2CSG4	1.0	0.9462514159124035
A8YC98UJE6HUM	1.0	0.612051234717464
A8YFIPW6715KG	1.0	0.7710232217717262
A8YNROV6W0RUO	1.0	0.9122864630226303
A8YNSBKSYRB2C	1.0	0.8808165194235605
A8YZQHJ6EBWJR	1.0	0.8651927710884796
A8ZMMGCTWRB1N	1.0	0.96428618209487
A8ZS3A4SW05GI	1.0	0.7389258434766822
A90JUHZ93R0X4	1.0	0.863511000037266
A912OTMUQ7WNQ	1.0	0.7416451098710206
A91AOMO19WLGU	1.0	0.9227560531602199
A91MT9HXM0QYA	1.0	0.9338015033916273
A924HWK07DR1Y	1.0	0.939266391016412
A92F571Y9MTW6	1.0	0.9518496351537251
A934EK3B70SA2	1.0	0.9222345808689347
A93G6KKPAB2BO	1.0	0.9555551196810612
A93P0L48IUBK9	1.0	0.9409851987259058
A93SRU78HLB2P	1.0	0.8538289357272734
A93V4H1VF74J3	1.0	0.6157237981117213
A94H9X458KIQA	1.0	0.968985954356436
A94I7MKR5EXC0	1.0	0.4245187916772748
A94KLRM1BJZRJ	1.0	0.9008355668622188
A94N78DBS7Z15	1.0	0.8380906628840311
A966VA4387DEC	1.0	0.8876064301584002
A967PDAQ425EF	1.0	0.9100421259223596
A979OBWQOHI2V	1.0	0.9658212520544376
A979SO7IACZU7	1.0	0.9615268471671614
A97TYP2NJSJNC	1.0	0.9514325676172591
A980LFTTNQ8O7	1.0	0.9350005984812828
A983AZZ14F9RZ	1.0	0.9773398155100381
A983JCUWB08HC	1.0	0.623232050564598
A98HNH31YO1X6	1.0	0.884584822293903
A990NOQLFM37F	1.0	0.8584327316323114
A993WOXSSLYWH	1.0	0.9622549047743335
A9AQGI38F6395	1.0	0.7660564929780992
A9AXR9YREVLVU	1.0	0.8177813270859144
A9B484KMMO801	1.0	0.750049949558045
A9BB9Q47OMHGX	1.0	0.8783184455924208
A9BD7JH7VJS5A	1.0	0.9317375762483555
A9BD8KHJW5PB	1.0	0.8956360925042316
A9CDS78S3J71G	1.0	0.9497942618563368
A9D36L88KR9TJ	1.0	0.4509968660258054
A9DFOEUM9PSKH	1.0	0.9524572145855725
A9DG42O0DBLFJ	1.0	0.9583924543065334
A9DIYBDBJDOJ	1.0	0.7970394571670251
A9EH3M3RRC6Y3	1.0	0.8235717266572377
A9FAQFMX3S8FP	1.0	0.7908996336417866
A9FC9A0VDJOMU	1.0	0.8094114916927136
A9G4WWQZCF4YT	1.0	0.9611654281879891
A9GS6JYESNGSZ	1.0	0.8126384732494346
A9GYC5DZSSSLT	1.0	0.9762805474856849
A9H1WBVKHNMM1	1.0	0.8813597876937764
A9HA2I4A85GJD	1.0	0.8673779452258661
A9HCYUYQLG7CF	1.0	0.849094363109443
A9HJO4K9GC88Q	1.0	0.9335923795557177
A9HZ1QUGDOFT6	1.0	0.7664734908341758
A9I40WFF40R4	1.0	0.9658212520544376
A9IP685WQXGQ2	1.0	0.5947673463066222
A9IYRPFOFXAMV	1.0	0.8864982867551691
A9J6SKF2DVWCZ	1.0	0.6874483191248818
A9J6XPZJ1L9CU	1.0	0.7902047202917073
A9JVBBYZDRK6K	1.0	0.9604675791428081
A9KAFYNGY1EGR	1.0	0.738570668996527
A9KAM3B9ET3CZ	1.0	0.7979622675479293
A9KI7CIEC0BU7	1.0	0.8282821895187235
A9KLTE1RIVMT1	1.0	0.9082307346860415
A9KZ7MFX6N5V5	1.0	0.9655209407820625
A9L2DQ5FEZOJF	1.0	0.5974325779988024
A9LSYOOC41S6O	1.0	0.7993543184407363
A9M6NIKNWWIY	1.0	0.9014247490194851
A9M7IDABNU874	1.0	0.9588300926555592
A9MPCNK6AD8A6	1.0	0.7627266687046366
A9MR81J2M63FF	1.0	0.7899489451361874
A9MSZOY11B2XB	1.0	0.5065757878711838
A9MWV4KDLO0AQ	1.0	0.6971453310150872
A9NAH752LM8E7	1.0	0.9644208212285273
A9NGZO041PJLI	1.0	0.8819115010792768
A9NU8CFNVEJCM	1.0	0.7277542152069637
A9NZ7U2OPSALI	1.0	0.936670745723967
A9O7NZXIV0UJ5	1.0	0.8911199628525388
A9OU2SGPD4ZH6	1.0	0.8518561301332106
A9PJOPKPUJIBM	1.0	0.8463330663683485
A9PT3PJYGPGHT	1.0	0.5596158392479612
A9PWD7CM292UZ	1.0	0.655557772559988
A9Q28YTLYREO7	1.0	0.9016565148201164
A9QTRHZD5069R	1.0	0.9242075723625737
A9QY8T0FT4BTB	1.0	0.8480590023923815
A9R2MTTBAMIUX	1.0	0.9453138743503807
A9RNVZQVHWVSQ	1.0	0.967504015297689
A9RVUPWTOTVDS	1.0	0.6395190273869822
A9S4NXLGAWPVD	1.0	0.9063419273415078
A9SS08LPHP2GN	1.0	0.7365417145392644
A9SXQ36MXY6H7	1.0	0.7723341024252116
A9SY4R419THI1	1.0	0.5773061472933732
A9T850FYDWFQU	1.0	0.9230536943343226
A9T9SO0VP3QA0	1.0	0.8379892841073147
A9TGFQTQ01RN5	1.0	0.9455996242846161
A9TU27ALG7NQQ	1.0	0.7241047568044693
A9U7K46XZ8VZA	1.0	0.8591765908085929
A9VHLYHEWM37E	1.0	0.9395946717514224
A9WFV9DEWY4S0	1.0	0.9353481802890004
A9WJHHPEJP6WY	1.0	0.956514337057089
A9WN4GOU7NMFK	1.0	0.9471587671325239
A9XZIV87QU46P	1.0	0.9002646178151336
A9Y41GQYE8Y4U	1.0	0.6467229888812953
A9YMPCZHFEW7T	1.0	0.6064733815021407
A9YTGZ9HNM7NT	1.0	0.8032732222242179
A9ZJ32PGHNIDO	1.0	0.9762805474856849
A9ZKY9THLM65P	1.0	0.6713707409028647
A9ZQNRE8Y8TY6	1.0	0.9716027625234024
AA16KNHEJZ6AZ	1.0	0.9500202102514549
AA1ICGHQYONM7	1.0	0.8997371122284952
AA1QFHIGW4OY3	1.0	0.9746399546577167
AA1WS0IDYCBYK	1.0	0.8820374292471289
AA2JSR95CS1AI	1.0	0.9404675385578506
AA2NWVF1UFPOH	1.0	0.8512693001623985
AA2Q08RM5XIQV	1.0	0.7858764997534953
AA2W0MZOPO9H6	1.0	0.8222519276766624
AA32PEAGO9EJ7	1.0	0.5661171284099156
AA38X7G9TFA4Y	1.0	0.5396017676877922
AA3EEURDFTWZD	1.0	0.8810415568525688
AA3EFAVNZ9NWH	1.0	0.9150928153961989
AA3TCRG6WMWF4	1.0	0.9713626473795104
AA44N1TH3YPNC	1.0	0.9595975311262507
AA4CQGCQYZ8KH	1.0	0.6187053382715387
AA4NW3ABH1YDQ	1.0	0.9611925057390528
AA4VJFR1EDIN6	1.0	0.9510257198010922
AA5C47ISI0WMH	1.0	0.7944869110201286
AA5DOZEWUJVOB	1.0	0.7331576365166307
AA5HPTKCEJWZ	1.0	0.9230659939699997
AA62NQO5MWFR1	1.0	0.8731022380833253
AA68017O3MPSZ	1.0	0.9312595093724961
AA70E3KYP87JL	1.0	0.7437961444594359
AA762OWLWCPQ2	1.0	0.9564861235843019
AA77F985K4AEL	1.0	0.8753544190134503
AA7EV4B1U2F8V	1.0	0.6385909261888604
AA7I02BY9HLTJ	1.0	0.9514087145374712
AA7PI3APFTPO5	1.0	0.9152636061681966
AA9GCA1SINOVS	1.0	0.9441382523246067
AA9HPZ0CAZHZN	1.0	0.9326853252876454
AA9O381Q5I906	1.0	0.8571280261189322
AAA6LBA2CLN88	1.0	0.8098441577207228
AAAN1JGVAZBBH	1.0	0.9625861151915145
AAAQNHJLVDFC3	1.0	0.8751444480113334
AAAVOYJKW8IC8	1.0	0.9497617309139017
AABZTK3UZZG3C	1.0	0.7620427050153403
AAC4ZC8Y4PGB9	1.0	0.793802389155336
AAC67P4KTM968	1.0	0.48275147567619775
AACMBA2O75QDB	1.0	0.9689241230910141
AAD7XOVRWN388	1.0	0.6379323138659895
AADJXNY9HSKJF	1.0	0.8649368856604339
AADKI6B6C5ERP	1.0	0.740580978341344
AADPRM0L7YZ6Y	1.0	0.7791802343439238
AAEA4STR27PN2	1.0	0.9583016626886143
AAEHOTZ1GRAUX	1.0	0.7271949241120023
AAEKH0BP0EOKH	1.0	0.9838812473176212
AAERSUSSWS15X	1.0	0.9697744941401568
AAFLRBUGNCTTX	1.0	0.9537753339132268
AAFPYIK8YVMSW	1.0	0.726946191756405
AAFQ08975CO3Z	1.0	0.7291365746672204
AAFVPLXJPZDLJ	1.0	0.898911893148799
AAFW69F6T4CIX	1.0	0.817492639314547
AAGCE8NL4XVFP	1.0	0.695160319543783
AAGKH9YQA8GG6	1.0	0.9032025029354929
AAH6UK8EPUEYK	1.0	0.9662081468600526
AAHGICDEAR5AQ	1.0	0.7689919571278976
AAI0JSTPLNV3H	1.0	0.86114287885546
AAI72UP8V9PD3	1.0	0.9528581344310072
AAJ84EHIUBD99	1.0	0.768693584597076
AAJABX7THL9T7	1.0	0.9134071141297694
AAK30U0VUJUX	1.0	0.6941047768087794
AAKS4QBGMV418	1.0	0.7961944560611489
AAL4OUR0P56YD	1.0	0.775611301152985
AALCY3O1G5A9T	1.0	0.9728773651767333
AALENYC5V6B8Q	1.0	0.581480273004609
AALFVXQAI8C6V	1.0	0.6280948053186713
AALMRC8U1JT3W	1.0	0.9470724777153728
AAM129182GKW8	1.0	0.9217852453347993
AAN65AV0SQRVL	1.0	0.9701395100215018
AAO1GG47I67R9	1.0	0.6449661159636149
AAO1PRKDWYCN7	1.0	0.8491079448909631
AAO2A1SGLXVUA	1.0	0.9382417357237518
AAO792MCDPNNN	1.0	0.5697527637345422
AAOL7BE0EDGRB	1.0	0.7878953986910201
AAP67UVV2T3LN	1.0	0.8930567610633775
AAPD3WQ5O19B0	1.0	0.740985311108953
AAPHOMEQ3A9LA	1.0	0.7426929677794655
AAPLGKIR5HLIL	1.0	0.9845401209985744
AAPOQVDM5ZTHB	1.0	0.8360607118347614
AAR25JIGX3YFG	1.0	0.7822621616673409
AAR46YA7RWU61	1.0	0.9474084757555817
AAR5ICF2AGW3M	1.0	0.8829267190314588
AARHFHP17QFNG	1.0	0.7476364524297485
AARJLW29JSF31	1.0	0.9573409986003063
AARN8N14GDEVT	1.0	0.13808302110411952
AARNOU1XYBFXT	1.0	0.9723273053999657
AARWRVC6BS0BN	1.0	0.46331437577827533
AASYDDU0QMJLN	1.0	0.9531027383164291
AAT1JT5M65VGQ	1.0	0.8226006523502909
AAVHAUPMJVGAW	1.0	0.8719746325855738
AAVPP0JQZG38T	1.0	0.9228084734286658
AAWY9MUJEPFHK	1.0	0.9295880363771694
AAWZKYHY4EZCA	1.0	0.7794108369967511
AAX4ICH7PPLXG	1.0	0.9595029211223529
AAXCF93TQFM5G	1.0	0.8329822914461076
AAYS36PW7RHM2	1.0	0.9169819161998971
AAYZLW7MJNHJU	1.0	-0.18099123201538922
AAZ03XGJ1BIHG	1.0	0.9397130581927825
AAZB9RCUU58W3	1.0	0.9182338310085282
AAZC2PR6GMD8B	1.0	0.9142805889228091
AAZXZU9CMWIC1	1.0	0.7916861680139584
AB0ARZZCB97SK	1.0	0.8730279088875239
AB0NX7ZYPDLFA	1.0	0.7417502640868188
AB1J0F8UWM6Z6	1.0	0.5289262615870454
AB223NDBZMVA8	1.0	0.8846777327801377
AB28FSDU8EH3X	1.0	0.8064309908835996
AB2JL85289X3Z	1.0	0.9737277362258759
AB2ZIB3A2UE8W	1.0	0.6950027796900482
AB4GT7VJMB4A3	1.0	0.7673660119118976
AB4KKII3GMCBI	1.0	0.9086641452385962
AB4SCLTK59OSE	1.0	0.738972465611932
AB4YW6ENQ8KV8	1.0	0.8843874431159582
AB4YYAZVGMPJN	1.0	0.9642063699930252
AB4ZCXMHA0B17	1.0	0.8769953585594807
AB5PBUUJ4HSEL	1.0	0.9283122076436221
AB5XEDIB4TFTS	1.0	0.9575736050814422
AB65HMB9OXLNL	1.0	0.8567894980393373
AB6CX3Q18ZKWF	1.0	0.8812802885842463
AB6O8EM172B74	1.0	0.8348860637737112
AB76FLS6H0Q5P	1.0	0.8328452743495702
AB791WGE2I6JB	1.0	0.5731661601147826
AB7EBVHSLLCIZ	1.0	-0.18698222383263463
AB7LXK9GUNJH9	1.0	0.8876315888790011
AB87F7XIIOF3F	1.0	0.9322406691816811
AB8H76Y4XPAVA	1.0	0.8359055788553714
AB8WKR0OKA32S	1.0	0.9100344467841183
AB8XAR6EKPM3L	1.0	0.5085391350998931
AB9540EKMOU4S	1.0	0.974108798884742
AB9EWO8ESOSJC	1.0	0.9374945205486077
AB9OT78S8YTVQ	1.0	0.39664606908686983
AB9Y3IRP9IHHX	1.0	0.8606733945947145
ABAAQVE0SNQOZ	1.0	0.9510095174531017
ABAV4NZ1O9O9U	1.0	0.936748126628493
ABAZ2EJW8V7JA	1.0	0.9084892140235948
ABB06DY4Y525K	1.0	0.7065917145328238
ABBDB3GDWWU3J	1.0	0.9661862679357827
ABCXJIK7QMLA7	1.0	0.7267954286247311
ABDH4NZQZGC7H	1.0	0.7746990537244691
ABDK9G6RNI91Y	1.0	0.6785027808152558
ABDQKRM2HBWS0	1.0	0.9501672041841446
ABDR6IJ93HFIO	1.0	0.8619621762963938
ABF6CEMYBDMDD	1.0	0.855009049663988
ABFBA039H3S1Z	1.0	0.9796002947843161
ABFQ033QTRWVI	1.0	0.923099717281183
ABFT69PD5L89J	1.0	0.7812610998055294
ABGA8C79YKN6G	1.0	0.6647088950928258
ABH2HJM9MH3QX	1.0	0.6803375157097864
ABH741JTXOZZN	1.0	0.9054325599321053
ABH9K3OQOGBSX	1.0	0.956514337057089
ABI3GAIUXSAKM	1.0	0.9356775993873535
ABINE9ZWBIGE2	1.0	0.9417728459024762
ABIRGVU2R1KWC	1.0	0.9604675791428081
ABK1F0PEJOQN3	1.0	0.8371850236934394
ABLEIUCEBZZ9I	1.0	0.9301087446598899
ABLH3W1GQLS3B	1.0	0.7684482142252419
ABLV63CEH2J75	1.0	0.8482979871901798
ABLVNNH66OIWM	1.0	0.9112880358925366
ABM0LUI6SFAQ4	1.0	0.6077412490293053
ABMSYGETZ975J	1.0	0.3770454986820434
ABMUDOGVJ10OW	1.0	0.9209351582856163
ABN5LIOLJIBP1	1.0	0.9503165849974586
ABNC7AOVQZK8A	1.0	0.9667334704862783
ABNDTORLJ5NSN	1.0	0.9288416424570547
ABNWV6L75LOWQ	1.0	0.9628918995310166
ABO2SCO9UCPJQ	1.0	0.7109872037946532
ABO8BD2C0ENYY	1.0	0.9485421836900405
ABOKL9VZUKETS	1.0	0.9871756157223872
ABORJEHJ3SUMQ	1.0	0.858181685607739
ABQ0Q5M06JXHY	1.0	0.8166396747890489
ABQUVDWSCV15B	1.0	0.5184701420986975
ABR4DKL7ELG75	1.0	0.6334993489515452
ABRHNTJ0IJH7L	1.0	0.7979416264504006
ABS2A1OWX5Q8	1.0	0.6820503334309078
ABSMAC1Y5P9U2	1.0	0.6105750906879537
ABT7M1FZJK8DB	1.0	0.9209194748497908
ABTGKB3WXCNAW	1.0	0.7912905815876959
ABTNAX2C88K21	1.0	0.729343898239079
ABTPG9K6K74W	1.0	0.8783331322238018
ABTRHS10FT0KY	1.0	0.8567045328293623
ABUIEUH7SG6Y5	1.0	0.9701613889457719
ABUT2PKBVKYQE	1.0	0.9342593507926853
ABUU69GS5QPO7	1.0	0.5832180865984018
ABUVWLTHG0R6S	1.0	0.9881402737428424
ABV6A0CR3RBSL	1.0	0.8110958699205598
ABVCIQ6LLY53R	1.0	0.8914058033207607
ABVYGB2TKBO8F	1.0	0.9352112538594427
ABWND99NMDVB1	1.0	0.8750285713008286
ABWNSBMXGS2M1	1.0	0.848804350993942
ABXJJ67FMDGD5	1.0	0.8038056103032039
ABXN2VG2DNB2G	1.0	0.7251957805548517
ABXVTZKI9UWU6	1.0	0.7937216983588861
ABYNBJJBYQGH9	1.0	0.8100366018962067
ABZ6P4R0CPGEQ	1.0	0.946032380038627
AC0RBA2VWEODI	1.0	0.9763751574895827
AC0Z6U9OWFRT0	1.0	0.857226297077675
AC111C2WIDG3E	1.0	0.9121856201747458
AC17162SIY8Q5	1.0	0.8050377090818917
AC1AW602TTVES	1.0	0.8511556786466146
AC1OHO5LUWXNC	1.0	0.9399259307015526
AC1S4V854MPNR	1.0	0.5609786432929132
AC1VQICKW7RYR	1.0	0.820198039398206
AC1W046DT3OFX	1.0	0.8171098446548194
AC1Y0JJCRK1UN	1.0	0.9281608144482929
AC21VEKBPC02P	1.0	0.8486305838180235
AC2AK61N0EKPE	1.0	0.7542742959880687
AC2DWRWVQX263	1.0	0.7442663774953734
AC2X7PFJ36QCM	1.0	0.9408905887220079
AC31ND7HT5SQ2	1.0	0.3145159215168948
AC37XYL547K4L	1.0	0.9389863365665426
AC4EL8NIBNZ7S	1.0	0.8932510563630871
AC4LKP1HDIPJ0	1.0	0.9345036166545819
AC4MD6BXOG2JS	1.0	0.9067678560312094
AC4SHGFLNDMO4	1.0	0.9164277008388044
AC51L34REA1ZL	1.0	0.8201933988439247
AC5FWEVBSN9O8	1.0	0.9214952475558481
AC69YJXK3R1XU	1.0	0.9160946339007539
AC6BPXXQSRSOL	1.0	0.9262971351801922
AC6H5O5PPZ9FG	1.0	0.9306011791858682
AC6UTDXWZTIEH	1.0	0.9491236847916513
AC72K0D0USEI6	1.0	0.9115271193837499
AC78OY8RIWJAJ	1.0	0.9108236977422969
AC7HTDXW0AC9C	1.0	0.8221041061426367
AC7KHAUYW138J	1.0	0.7379796124211737
AC7R9R56Q37L5	1.0	0.9551192087906565
AC7Y2HTC2IV0W	1.0	0.9615676986963433
AC842CUBAW5Z6	1.0	0.6298358463868619
AC8MHHL9NAWNR	1.0	0.803395066029052
AC9OF4L77J1Q5	1.0	0.9733865734243189
ACA5KK7X03H9W	1.0	0.8149070346663456
ACA5ZK1LLS84F	1.0	-0.1837157178382427
ACA6KE21WQCYQ	1.0	0.861386343440635
ACAI0ZWLAVP2S	1.0	0.6448911014013449
ACAJ6JKIR8ZBX	1.0	0.9175938072420865
ACAT90BN39G25	1.0	0.8948555407380653
ACATGMB8JTGU9	1.0	0.8929592625469258
ACBSVUCEHDHSR	1.0	0.9723273053999657
ACC1G36NZ1UJP	1.0	0.9197827778517178
ACC7WEHCNRWIV	1.0	0.8731293485388125
ACCKS641IHEXZ	1.0	0.8891354249761009
ACCQS2S225D6V	1.0	0.9409848910368506
ACCWNB2LCNHRD	1.0	0.8756203734892388
ACCXEZULP3N87	1.0	0.6133267523063363
ACCYODF11HJTL	1.0	0.9439658089128349
ACDU7NTOLYUNJ	1.0	0.9381447409130589
ACEAV77NWW3ZA	1.0	0.9084225486033449
ACEGR53ZYCROC	1.0	0.8786098901885164
ACEJ8AH4YXAER	1.0	0.9637149649088105
ACEOGAYT9DE8W	1.0	0.7598137589433509
ACFHXJSQRZWCJ	1.0	0.6342186383710142
ACFVD7OOO9WML	1.0	0.9212270740085223
ACG03QQG609FL	1.0	0.8588397153141795
ACGO73P5Z3CC	1.0	0.9511120092182431
ACHAGM2GPZ9DW	1.0	0.9492964056497192
ACHLNTQQZEVM9	1.0	0.8810571027156634
ACHM57DXJIVZ8	1.0	0.7910847057535435
ACHOMZPUV9JWC	1.0	0.9729205098853088
ACJHJKTAYWSSU	1.0	0.9228668870192609
ACJI9OBN1EZ03	1.0	0.8129895886777092
ACJO6RRTJJY2H	1.0	0.7645238888264495
ACK1AIO6LMLC7	1.0	0.40333025205749307
ACKDSX71VI5HY	1.0	0.8650981610845817
ACKFFJGR4X8WQ	1.0	0.865523918280931
ACKNQV018AWEF	1.0	0.9158682950782204
ACKYF1Z2TQC2S	1.0	0.8907228844681779
ACL5MIC0HFI9J	1.0	0.7936053449342769
ACLBV58PD94R	1.0	0.983575462978119
ACMH5LBVAOPU	1.0	0.8169784280471897
ACMIEM01ZVZYN	1.0	0.8114245593258368
ACMP0DPDED0LO	1.0	0.8339895067730075
ACNLW80ZD8VEA	1.0	0.864276193588495
ACOL2J5YZD73U	1.0	0.9920935158285616
ACOSISQSHG3NJ	1.0	0.8321928346271585
ACP4PO8I4YLB4	1.0	0.9303244775648682
ACPMZ5R8AY8OO	1.0	0.6990625331949109
ACPPRYMDKYFSH	1.0	0.9501953172289239
ACPS3LG8Z1JK2	1.0	0.7529242134513819
ACQ7NFV3CUCZB	1.0	0.7490924845812018
ACQT14ZN20YQY	1.0	0.8796435944162828
ACS64V2TOHLXI	1.0	0.9564542782027795
ACS8B77AI4OC7	1.0	0.9158905761157865
ACSD22W0C92BP	1.0	0.956514337057089
ACSM2P5VE6KD7	1.0	0.5386065914025034
ACT1RHOHQWWY2	1.0	0.7561035700619423
ACTDPSHFSWRD1	1.0	0.8815678251743317
ACTGFKKV9DVRF	1.0	0.9576682150853401
ACU1C6JXNFXLI	1.0	0.7856100881052172
ACU22OOTCPJDF	1.0	0.9560919883858804
ACU8AI7XZA7G1	1.0	0.8012848417513465
ACUBY8TCLJ4ED	1.0	0.8282378358068906
ACUJHRE9K2UX0	1.0	0.9256716722355428
ACUL2NEZAYUNG	1.0	0.8905671125494825
ACV2PASZ6E7F5	1.0	0.8520609638509279
ACV76DVAQFC9G	1.0	0.9392197520186505
ACV822S9111BN	1.0	0.9762805474856849
ACV8LQJDPI3WD	1.0	0.8356786025739924
ACW6FAPDRPKM1	1.0	0.9374982555954777
ACWD9XZ6I6NB8	1.0	0.9574240323522935
ACWJHSBL5V7G1	1.0	0.9518552386516529
ACXXHW5RRSWJW	1.0	0.9654565327385795
ACY9QYNDFLVBI	1.0	0.8593830685039902
ACYB7AREWJTKM	1.0	0.9008913184594318
ACYTS6AGH74GU	1.0	0.8752585294811803
ACZ5MHW1M2NWI	1.0	0.8832506306516112
ACZDKCFXU6HZS	1.0	0.8939717445091926
AD0APBS0F8A10	1.0	0.923836843952524
AD0GQQH6XM328	1.0	0.9391497911959442
AD14CA140PGWA	1.0	0.9470650163335995
AD1633725FL8C	1.0	0.8274044774265995
AD1HUJB3PIT6L	1.0	0.9813267091792292
AD1IKE0OTFR5B	1.0	0.9509981706887373
AD23V7LXAATPT	1.0	0.9539615257972801
AD25C6IFH2G0T	1.0	0.9185539230917569
AD27O6TXNVMVL	1.0	0.9673881636648843
AD293KL0N00LH	1.0	0.6862962557665062
AD2YKTLBGWK4I	1.0	0.9389612726810973
AD342OQX4EFN7	1.0	0.8209982505612202
AD3C29MKDX7V2	1.0	0.9175553815752935
AD3EWKH9HSZLY	1.0	0.9022845611264892
AD3J79WH30USD	1.0	0.8486988587387923
AD3TIAJQV5WVX	1.0	0.8162131092592925
AD3VJNKDVFDYG	1.0	0.9431922863907741
AD42OUI8ML7PY	1.0	0.9346958165557082
AD44J46ASZDNA	1.0	0.7445503482295874
AD4JIG0RJY7HE	1.0	0.8571475070520063
AD4ZY3UFYSH4B	1.0	0.9153299805210625
AD5R0C4EO8M9E	1.0	0.9436692954064212
AD5S2SJSH1XRT	1.0	0.8769575660517552
AD609PVD2C7UQ	1.0	0.9139117212176409
AD6G5M3KL7GTB	1.0	0.8065721803190858
AD6G80D2PS6UG	1.0	0.9137706018350034
AD6I262P3O3KH	1.0	0.9442322621287228
AD7N340SQY491	1.0	0.6151934416425798
AD840POM2HC9A	1.0	0.9361916846864062
AD8CTVTLU7Y5U	1.0	0.7640733555421668
AD98NPLBDRXWN	1.0	0.9379563147352709
ADAEHD7PCJ424	1.0	0.8504256922528697
ADAKR96LAPHYL	1.0	0.8084090904233255
ADAQDVXCRNSL0	1.0	0.8032908991675123
ADB8Q8YF8RFDU	1.0	0.8240168020032987
ADB9YBHWMHAIL	1.0	0.9531657937243185
ADBYY8C0L46V8	1.0	0.9399259307015526
ADDGVV6XFKBPX	1.0	0.9325299241069258
ADDY7DKV3T135	1.0	0.5878382366410299
ADE080CN3R8VG	1.0	0.9187286950581214
ADE7VUJO5VCGL	1.0	0.7521558377422802
ADEANIXD6DZ65	1.0	0.9233657506458335
ADF3QQIDTOA6X	1.0	0.8223410044123742
ADFDDPIQ4YADJ	1.0	0.7517433136211099
ADFMC27Q4ZSFU	1.0	0.8909483442088805
ADFR0SMWK9YX7	1.0	0.9096426359406317
ADFW24FWYAECI	1.0	0.6665967406228709
ADFZN0A52POLU	1.0	0.9042521419261821
ADGL88MPJHQ43	1.0	0.6869318499126007
ADGMU0RZE1GZX	1.0	0.9261368884034844
ADGVPNGVJYAX9	1.0	0.9330787145544674
ADHA1W879JNT0	1.0	0.963696278351964
ADHE180RCNLBU	1.0	0.9547250776937799
ADHILVPL4OTZO	1.0	0.8526658301154832
ADHZ0ABZBBDFJ	1.0	0.7718964798941564
ADI1AHUVOW0ZT	1.0	0.9471890384775254
ADIRLY7KHWVUL	1.0	0.9309077537158204
ADIVQNX8A9CE	1.0	0.905928503825265
ADJ4M8X3UWSZF	1.0	0.9596420068107109
ADJ7H7A440V1W	1.0	0.5699577205916323
ADJBUPS8SJHTC	1.0	0.9841870316571233
ADJN47U9ADUK2	1.0	0.8057113637779831
ADKFSBU4XPE4N	1.0	0.9756470526985969
ADKHI1TUGAX4	1.0	0.9250032045313604
ADKKDZGDVEVWZ	1.0	0.7948074401657841
ADKRGGDX083FE	1.0	0.9634875445365654
ADKTO8NC6AY2S	1.0	0.5710834227384639
ADL27M4AIK5SW	1.0	0.9558255351699924
ADM22R42XBBDE	1.0	0.9474554724517521
ADM69N6AKHHL6	1.0	-0.1956768138995233
ADMU8IB0FA7C0	1.0	0.44040668739978994
ADN5YE0HOKE6O	1.0	0.821477930860918
ADOJ8Y1DRFEY0	1.0	0.9668276934071411
ADOO2BZJYUUJF	1.0	0.7456290360672979
ADPIMN0VSD83X	1.0	0.781648873895407
ADQ5CXGJXX77J	1.0	0.7683016068436751
ADQ7JH74CRHW	1.0	0.9783044735304934
ADQ8DPPPS3AGW	1.0	0.10680447712356694
ADQM4H3YPICFF	1.0	0.8228135391934349
ADQN7N24PQ14L	1.0	0.8903848115574987
ADQNW3D02W5CM	1.0	0.6137759600428967
ADQYANJJL29EX	1.0	0.7965449485334266
ADRHDDMUP268W	1.0	0.19059742405797397
ADRLYZ64HNP6K	1.0	0.6327606873749994
ADRP1OAW0ZI2Q	1.0	0.8591842887160922
ADRSL8OQRWOZ2	1.0	0.7513345762471183
ADRX8SMZZS2OJ	1.0	0.9160119124349001
ADS5APY1NKTL4	1.0	0.7841200460580092
ADS7LEB43CZBF	1.0	0.9436021937313894
ADSARUF1MIGA0	1.0	0.9435260834458208
ADSJG9QE34V0N	1.0	0.5299451088597674
ADSMBRG306DRO	1.0	0.9205436038856155
ADSSLUQ5M7RLC	1.0	0.9151932331097447
ADSTRP97VHZL2	1.0	0.8478420037858827
ADT1EXI75OQXY	1.0	0.8579797865133078
ADTINDAHQJTDA	1.0	0.5220832731067129
ADTJL8DHDDHOS	1.0	0.9276294840976812
ADTKIJB5710KL	1.0	0.6211644768478748
ADTRLO89NTIUY	1.0	0.9773398155100381
ADUHWPSIE8TTM	1.0	0.8541056192897701
ADUR2GU90NB98	1.0	0.8224008487418111
ADUSWSN9R4MI1	1.0	0.9398313206976547
ADUX72D77G09Y	1.0	0.8498214829844953
ADVVSULFAD6QD	1.0	0.7042940648756583
ADW8B7C4YPJVJ	1.0	0.9201119492525902
ADW8TZ1VL69II	1.0	0.8066217856317198
ADWSD45P3NZGU	1.0	0.7571035941708879
ADX9NTN40T1HN	1.0	0.9407013687142123
ADXBBG5R3LJIF	1.0	0.9589322039725305
ADXNFRR2AI063	1.0	0.4639978189653264
ADXP05MY5KQC7	1.0	0.912111020344235
ADYDJTTR74V7T	1.0	0.9659801725270213
ADYEHN0UQCZDU	1.0	0.8996698724377669
ADYTVQ98VGS69	1.0	0.5352449852084804
ADYV1T0I7OZ9S	1.0	0.8560825964842786
ADYYQXK2DS0FJ	1.0	0.7776146912688099
ADZ35D4DUE3I	1.0	0.9723273053999657
ADZI5FE9MOFI7	1.0	0.9564754678024121
ADZIR2J76044W	1.0	0.9798564719258689
AE16IFU2Z71W3	1.0	0.8830787552406965
AE2HOE1DIGBMF	1.0	0.6315158612095612
AE31M52VLKOG6	1.0	0.8803852536657405
AE34NH8ZBQIX1	1.0	0.8287977586869483
AE3BW47WDD9MX	1.0	0.8904240870284087
AE3L3XAS2I6SX	1.0	0.8632027045129307
AE42JLYPXUI45	1.0	0.830671817190358
AE4EP1TRQSPPP	1.0	0.680236767294696
AE4YZWQB533IA	1.0	0.8946623597158324
AE51IBCJ1LQQD	1.0	0.842042518197163
AE5AF6QIEQ1ZU	1.0	0.8825176028569703
AE5DRJTTP894M	1.0	0.8602551731295472
AE5S0DJN77ZJU	1.0	0.8868799611171779
AE5TS0PPW0GTY	1.0	0.8616651872325497
AE68XSR7OG625	1.0	0.9275008771071144
AE729AKD493L6	1.0	0.928066204444395
AE75LPEJ653CU	1.0	0.5149724883986101
AE7N8H4GTIGH1	1.0	0.6879947492364695
AE7YNOXIC9W2C	1.0	0.8070542091863036
AE855SYI33374	1.0	0.8610665101340468
AE86VUMJ7B5UH	1.0	0.7878730364536618
AE8SM7LKIQA5X	1.0	0.9687271526556975
AE9FAC6073A1W	1.0	0.8463912186803391
AE9GUE3HHOX3U	1.0	0.8878016875979958
AE9HSQ5XR80AD	1.0	0.7153665698282188
AE9RDPTHJ1XD2	1.0	0.7349483252977214
AEAOSB40L6UZR	1.0	0.9483506039335592
AEAY10EH37TDK	1.0	0.63545691450384
AEBPPP3PML7WN	1.0	0.9746399546577167
AEBS2V955AID6	1.0	0.9347861155041534
AECESE6ORD335	1.0	0.8502273729702982
AECO92UIKW0PD	1.0	0.5618090758325127
AEF42RE14M3CD	1.0	0.7964280254758701
AEFGDAVF45JMC	1.0	0.9581645163873916
AEFGLUXP3Q9IG	1.0	0.8699489443647036
AEFH1QTDQP1CM	1.0	0.7691220453036891
AEFUD8J2CKBAD	1.0	-0.09966323092112976
AEG410BPUHZCB	1.0	0.9650327122707167
AEGLLCHPWQGAK	1.0	0.8764141925532456
AEHN5GK73GNCT	1.0	0.9543265416786251
AEHS7AFG0NF6Y	1.0	0.9305486125080166
AEHUWKHJA4JNW	1.0	0.8952786329749302
AEI1FS97MGC2	1.0	0.8972816343705566
AEI2WEFEZNCO3	1.0	0.9523272648150082
AEI83N8I0QQBL	1.0	0.8759768972790607
AEIA51OWTPG66	1.0	0.9360593247413965
AEIBQMMTYK8J7	1.0	0.8803391679927097
AEIDHN3Y9JQNX	1.0	0.8625282977814613
AEIJQO0L5VDB3	1.0	0.7485581441568742
AEIZT7PGSXHUM	1.0	0.8668418414944067
AEJAGHLC675A7	1.0	0.866863607791837
AEJEQZNUYWFJ8	1.0	0.6625618979041921
AEJEVGGLF36MJ	1.0	0.7854724520394745
AEJIMMBX4VMS3	1.0	0.9221589403699952
AEJTP5WPROBO4	1.0	0.9353364139890591
AEK14NGOT44ED	1.0	0.7653297777601308
AEK2F5IOIYPBX	1.0	0.9693689652100911
AEK402C2091V4	1.0	0.959100959416452
AEK7ALGIKV6QL	1.0	0.4799880400736423
AEKXY9UE0D0EG	1.0	0.8014877043083702
AEL9JQNCF9XUF	1.0	0.9284017119300093
AELICR01RXGVF	1.0	0.8113661769805929
AELLTFYYXWEEU	1.0	0.8041540437695768
AELTMI2X4ZW2G	1.0	0.947126236190089
AEM1QMZ7BPTGT	1.0	0.8662532829521343
AEMV9IMH665B9	1.0	0.7983846536283217
AEN50LXPS3YJL	1.0	0.9569839153267079
AEN6Z8ZH80IB5	1.0	0.902577682665877
AENB28CGZ1V03	1.0	0.9109986381344937
AENSGPP7TSU4V	1.0	0.6064318183065515
AEO1SJ7VSB0R	1.0	0.9405965777336497
AEOBBMPNHSHBK	1.0	0.8498238018794834
AEPTFOKKY3EXE	1.0	0.9330429349347856
AEPZHX2K8C95P	1.0	0.8250610426555399
AEQFYOI6YJ83Z	1.0	0.9269232077049991
AEQR6IWBNOBZO	1.0	0.5733176263965108
AEQSPI1IHEG4O	1.0	0.9551589781106419
AEQTT6NY7A2SC	1.0	0.8786733567900468
AEQXDRNCSLT8K	1.0	0.9737277362258759
AEQYAG42F9128	1.0	0.23582025057444939
AEQYI98EIDRV2	1.0	0.8688465029204722
AER2CRRW2U50Q	1.0	0.8425246731703845
AERL0JKFT7SD9	1.0	0.9016384445334009
AERO9Y8EOW76W	1.0	0.9430852976151387
AERRLBB4MYEV6	1.0	0.9552355650594103
AERUANOZEDXMP	1.0	0.8089644821279199
AESNHQLDPI0KB	1.0	0.44890810776021994
AESOX3IZ3F8VT	1.0	0.8740583382956377
AET2Y6A8VJVLU	1.0	0.9143769943714962
AET3OJEEWMM3J	1.0	0.8609369505322326
AET7VAJIT1UZN	1.0	0.7133983653165971
AETT33F9A6F1M	1.0	0.8786027077126858
AEU37ANJPCGKD	1.0	0.9431192356296538
AEU4YQN8YDHK4	1.0	0.8908922992551337
AEUESPMODOBJU	1.0	0.8572613317472338
AEUT9ZYQXPZLU	1.0	0.9361939112674004
AEV4UJNCT8JB8	1.0	0.929481143084955
AEV9RCQMUZDY6	1.0	0.9300901304892035
AEVAPEHXQRIDP	1.0	0.8609582802658226
AEVH2LE98Y63J	1.0	0.9330705805048282
AEVSJWBORSDYY	1.0	0.8489761641218229
AEVTO9RTOS6TD	1.0	0.8119610668977749
AEVZW7D9J3P6X	1.0	0.9255219452402672
AEWO12I61FDV0	1.0	0.9667334704862783
AEWQUA5QV4RQL	1.0	0.8373706131870837
AEWUNGHLJWQS9	1.0	0.8586878735488693
AEXD97K7AFZRF	1.0	0.9689241230910141
AEXG79DI339XX	1.0	0.39207116343520654
AEYDSNDW5LFXY	1.0	0.4639995897752583
AEYI43UFMB5KL	1.0	0.8907800375520236
AEZJ4AM4SVD9C	1.0	0.9099201596965617
AEZNE7TR0CHFI	1.0	0.8475760388964572
AF0C8B4ZQQ8DO	1.0	0.9169819161998971
AF0D3BBLDE3XF	1.0	0.9104021835694701
AF0EJQ0V86LMV	1.0	0.9280071029683234
AF0I33Y69SQ8T	1.0	0.7943729753279095
AF0K9B4K5U4O1	1.0	0.8711669579250803
AF0Y1A0HELPOR	1.0	0.7087943637978701
AF1BOELCRV6XA	1.0	0.9303219598057523
AF1QQ4PU31SHV	1.0	0.7568677930588636
AF1SNMN60QMT9	1.0	0.8444619026394282
AF1VK71AEK43Z	1.0	0.8986390138579587
AF227LTKRV71Z	1.0	0.9424886943457376
AF27UMO30XFMB	1.0	0.9783044735304934
AF39FV5I0HZW6	1.0	0.3541510531262627
AF3AHP33KTP82	1.0	0.7043635457906917
AF3QLJ0JIPK0Y	1.0	0.957614456610624
AF3XXYRV4QKC4	1.0	0.8941832130504203
AF41BTPPUXYB9	1.0	0.9088389448491443
AF56AGX1O9MNO	1.0	0.7268443780458119
AF59STOA1N6DO	1.0	0.46109711918674373
AF5ANUJ6M96YH	1.0	0.7537214746030593
AF5QP770B0715	1.0	0.9566708221284334
AF65C8QK9NNXP	1.0	0.9488327703724755
AF6D9KW8YWJA3	1.0	0.6815389182671409
AF6LL36EXQ210	1.0	0.23843898749281597
AF6SHIUZHT0BU	1.0	0.8286388550428812
AF74UAKV3Q3W0	1.0	0.9850110527879136
AF74VPDSL69FE	1.0	0.892973684898797
AF7OLYRTGUYNF	1.0	0.9841870316571233
AF7SINJFV2K6V	1.0	0.913406036459735
AF8O5SRM9R3XT	1.0	0.8798274660990674
AF8WQMZUUZJ9D	1.0	0.6591179322443075
AF97DKLHVR9RP	1.0	0.8793120528594539
AF97HBM1Q1QHA	1.0	0.9733865734243189
AF9AKNFFW0LI4	1.0	0.7770750049773626
AF9B0J38MN4JJ	1.0	0.8784533393832717
AF9LV8CMJPJZN	1.0	0.6557078389749762
AF9NWZ4SJ5ZUU	1.0	0.8158144094372833
AF9VTVJBW6UD4	1.0	0.9383515235765955
AFA29LL0COYO6	1.0	0.9514087145374712
AFA4AGD1VSLII	1.0	0.9841870316571233
AFA8J4E7VP1FO	1.0	0.9140547839846095
AFAJTPU988FU8	1.0	0.7386163795735006
AFBS79VHQ0WEA	1.0	0.895739867037136
AFDVPIK8PJEZ3	1.0	0.9753158894652296
AFE33I901JXOP	1.0	0.3904632154462945
AFEO09AI1ASIR	1.0	0.881507653163204
AFEPWYT8SQ5OG	1.0	0.9595975311262507
AFESIU7Y27R25	1.0	0.9424446453576065
AFFT0QL84GJ6S	1.0	0.8671220871293902
AFFV8LNWYB2MV	1.0	0.6688391737852507
AFG9S27FN8ZIP	1.0	0.9403741883963167
AFH0H0PTH2KJG	1.0	0.9848932103400253
AFHEGYXMK6HCL	1.0	0.8103762370839901
AFHJN2EKCN6I8	1.0	0.8612669900288255
AFHQVXLP4MFX5	1.0	0.7226641637257385
AFITGUZ3BH4EZ	1.0	0.8789340208501807
AFIX0GHKWKRAJ	1.0	0.8023603310576773
AFJ27ZV9183B8	1.0	0.6356783941460175
AFJFXN42RZ3G2	1.0	0.46148915695465204
AFJGMZEW7XSWL	1.0	0.7597195801631402
AFJGZ5H8JXIXZ	1.0	0.908932227909664
AFJIYWZS39BCC	1.0	0.9193997831153387
AFJJM3HYWGNY1	1.0	0.9620269304413022
AFJZ0YVB4XMCE	1.0	0.7807504219423611
AFLAGSKH5LQD9	1.0	0.9398313206976547
AFLLDB1E9TFN6	1.0	0.7772498854758171
AFLQK4C1ZES72	1.0	0.7407812623381551
AFMS7BOC8B6PK	1.0	0.24301710408239185
AFMWMV7ZC2RVV	1.0	0.8728473399948151
AFN3UT6YDT409	1.0	0.7147207471966566
AFN8B72NZ2DHD	1.0	0.8651493098007196
AFNG8O2DXRCUV	1.0	0.9267617155143849
AFNUH1IKFSBTR	1.0	0.8251130810606565
AFO98TV3KOFKJ	1.0	0.4030047711119728
AFOB8PQJ55BOE	1.0	0.5635938355756834
AFOJUND8G01DQ	1.0	0.9812930575957574
AFOP5UY9D13HF	1.0	0.9046305819417736
AFORD3DA0GIQ8	1.0	0.938456858740301
AFPGBPT9BJM88	1.0	0.803151167197695
AFPQVUEI3D46K	1.0	0.8720399872355646
AFPZ4W2EPXF3E	1.0	0.31411850316101264
AFQ5N1OU803MQ	1.0	0.45002866979973044
AFQDRCED0VFZQ	1.0	0.9749628001237785
AFQEKEJHTXB62	1.0	0.8965661224812026
AFQLT92NXQPRK	1.0	0.5050321853094887
AFRITYVX2GWPZ	1.0	0.8649135606241587
AFRVJQ9TEMS08	1.0	0.7045626742453028
AFS0EZ6N0II7M	1.0	0.639093223910459
AFS54PKB8AW60	1.0	0.9677405685271585
AFSBKKDFLZZX5	1.0	0.9470385899980667
AFSWTC59OW4O7	1.0	0.8781251138281528
AFSWVOHAPN94K	1.0	0.9340433725749228
AFT1VNGNMPWPZ	1.0	0.8550883458642198
AFT5G07P3J5NQ	1.0	0.48842971102704447
AFTJGKMPC7A6G	1.0	0.8851095419855702
AFTN9ZLB22PSZ	1.0	0.8061714132190367
AFTPUF95135TH	1.0	0.9794661019862652
AFUCMDZ4E7V72	1.0	0.8096641762673191
AFUGLI8FK6OQ9	1.0	0.8947001717255266
AFUIT5NVTFSG7	1.0	0.8819587984962098
AFVMGA4FMOG2R	1.0	0.9174916010536306
AFVNVKTV0ES5I	1.0	0.8838359000818845
AFVQDZ4F03GAZ	1.0	0.8378229000405472
AFW7TX0B0IXY3	1.0	0.9704797348511542
AFWT6ZN8GMYCW	1.0	0.9199522383456589
AFWY4G6XXV4BU	1.0	0.9153791080027905
AFWZGQESHAJLL	1.0	0.9287452454914453
AFXEO0ER6QWBS	1.0	0.9045803809418139
AFXHHXTD2ZO46	1.0	0.8659201261478426
AFXX945BVTHV9	1.0	0.9446875750995591
AFXXRQNJQW71L	1.0	0.6672516177469031
AFY118HH4OG7F	1.0	0.9595029211223529
AFY8MKXMZCNKC	1.0	0.4834340086069673
AFYA13CLY90O6	1.0	0.9288442780572067
AFYP0HMKE7LKE	1.0	0.6997087072958666
AFYT8BUARSTE7	1.0	0.930993126218797
AFZ8M3KQY2DYY	1.0	0.8903475278181424
AFZEIVK325QKL	1.0	0.6397183126901688
AFZSVHBQIO93	1.0	0.9002942439871827
AFZZ8UJ534UF9	1.0	0.8104435691971615
AG01RH8QYN1OC	1.0	0.983222373636668
AG05BT5GLNYLZ	1.0	0.7728179240185762
AG0MXH62NXCHV	1.0	0.9132767245061897
AG15OTKU2M91M	1.0	0.8951103569087688
AG1BX9CJTP33O	1.0	0.8975636798531507
AG2F3Z1Q1YBA4	1.0	0.835447934475578
AG2HLKKAETCAB	1.0	0.976986726168587
AG2NAXM7BKATQ	1.0	0.8161923479982266
AG2SQVZQR7QW2	1.0	0.5688263680302424
AG325OTTSQVA5	1.0	0.7475314062857091
AG364H1BEEVJ1	1.0	0.6714286242399271
AG3CVQXH3HBF0	1.0	0.9549789618868112
AG3G6Z8MA7KT6	1.0	0.9812286914672487
AG3ODP9T1GGEP	1.0	0.8297399328626563
AG3OQ1LYDYY3C	1.0	0.8013766340399172
AG3T4I7KP065V	1.0	0.5464446938738342
AG3VJKUST9LXX	1.0	0.9717511151830164
AG43FR4G26A1D	1.0	0.8997853679418387
AG4VHRI7L9XS5	1.0	0.7503870395612188
AG5R1U2XYLXEE	1.0	0.8433325307844635
AG6QJKU6WXSE6	1.0	0.9311031648890141
AG6R0SDVPJF3V	1.0	0.8337825043424472
AG6V5UHPQ417D	1.0	0.901812137032634
AG7E3X89Z4FFI	1.0	0.8687844546612064
AG7JOCYE4P7QY	1.0	0.8893092215998628
AG7SI3ZOXPH0K	1.0	0.6494645606980316
AG8EAABAIV5OU	1.0	0.8142945617697387
AG8FI431J5CR7	1.0	0.905777596027562
AG8ZMHBBIYV06	1.0	0.9273924326231192
AG9O59IAKJDOH	1.0	0.8767035583577214
AG9PJLR2LP6NJ	1.0	0.7746652011140065
AG9ZCBUAQ9D3U	1.0	0.7182118660005113
AGA6B2IDC8WE	1.0	0.7366831612559825
AGAADJGQQJNCR	1.0	0.8824184254973363
AGAMDS21PJZPK	1.0	0.8739167871309292
AGAT8RV58XYKC	1.0	0.8746385604980115
AGAY2P0OW0Z3P	1.0	0.9292163658161556
AGB2YEQZ81FLA	1.0	0.9624573829344973
AGB3M4QPM0MIU	1.0	0.9288680079547138
AGBCMDD9F2SPN	1.0	0.8827681337202679
AGBQJLG0ZU074	1.0	0.633237990825711
AGCFWZ0P1ZB8G	1.0	0.7555526120985461
AGCR8RZ3HJ3K7	1.0	-0.1768383986493312
AGDP18EW9AE37	1.0	0.8464937930733064
AGDPOH01F95IS	1.0	0.9459460207611768
AGDRVIIY0XEP2	1.0	0.6734202810077683
AGE08MG3Y79HC	1.0	0.604604916040685
AGE0U429JCJ62	1.0	0.8298028123248027
AGE1X4T3AZXTU	1.0	0.931927401898269
AGE5RMV0OS0UJ	1.0	0.2951174845092333
AGEIT17HENDIS	1.0	0.8787860715103226
AGF9QW1W2PZFG	1.0	0.9238717041787695
AGFI819RU842W	1.0	0.8504455430285781
AGFXICSJGZNLC	1.0	0.81253497588792
AGG34W4Q3GTUN	1.0	0.637730552458178
AGGDI4VWPPZ6J	1.0	0.9560250899146748
AGGIJOZLEEE22	1.0	0.8518260774616199
AGGNI1ADS1C3Y	1.0	0.46342253135860756
AGGP8FKBFDHL1	1.0	0.9432329830522278
AGGTXNTOYIU2W	1.0	0.936748126628493
AGHQNP9ODGDS5	1.0	0.9290308624648503
AGHWHC4XOQUMM	1.0	0.9395378760737555
AGI34T5QZWBBC	1.0	0.9549789618868113
AGJETJR3V1XDA	1.0	0.9237360199374369
AGJS1FBS8ALQ4	1.0	0.8134666663908423
AGKOTUSMA3J63	1.0	0.8365554184679899
AGLP82TL0UAYC	1.0	0.9492301600544618
AGLRQM3W1BHUX	1.0	0.82367892465051
AGLWST5RM8LIZ	1.0	0.8636582451192871
AGMN8LD18M7LG	1.0	0.9513705261738874
AGN3I48CWPQYB	1.0	0.8611117501219132
AGNKV18Y7SHG6	1.0	0.9269539711573989
AGNMSC8TBTYGC	1.0	0.978596303084155
AGNN3F0NN9314	1.0	0.902956990170359
AGNNL7VQA1VDD	1.0	0.5825550813941002
AGNUO5Q3CX7O8	1.0	0.02172633996131257
AGO5CHRDLIQ42	1.0	0.968985954356436
AGOCT5T4VZ71	1.0	0.9871756157223872
AGORW2GE15KJ0	1.0	0.7863518489709519
AGQKCGM8NX7N9	1.0	0.6952825230232297
AGQPH5E80BIP6	1.0	0.9392825543060871
AGQUTDQFGQWNM	1.0	0.9614575648871373
AGR0LD8NNZATF	1.0	0.8473130159007755
AGR0Y8WTFHRCX	1.0	0.8061570367543417
AGR16BA7D684Z	1.0	0.6856766443990351
AGRBSAQ8XEIHG	1.0	0.869578964598615
AGRBVAHS89YF9	1.0	0.9090754320284588
AGRGOD0EGQIRO	1.0	0.737094386627495
AGRHVTZF0R7XP	1.0	0.7609946305469247
AGRL192FZ4TF8	1.0	0.8687675731586073
AGS40QL8ONEI1	1.0	0.8520609638509279
AGT5F6R7R53LR	1.0	0.8817724570148758
AGTM2VNAL7VS3	1.0	0.702879662069978
AGTV1DMRMBRSQ	1.0	0.9881402737428424
AGTZ8AJQVA0SI	1.0	0.9435346221515629
AGUD3HRRMGLZY	1.0	0.9380880460534203
AGUTIZFYHV4YN	1.0	0.8963704649993082
AGVZ14MW2GTLL	1.0	0.956514337057089
AGWD67X4C1ZVK	1.0	0.8688559498309445
AGWIUA69PIF3G	1.0	0.5340771095919274
AGXHSZW4RCQPB	1.0	0.9710425533581022
AGY37GXODODKD	1.0	0.9492367983604605
AGYOOL07RRWG6	1.0	0.8690668809318791
AGYUDKFRU6LOL	1.0	0.9331868690337057
AH01B8AR1AZJI	1.0	0.9571262280992784
AH07BELYUEADY	1.0	0.9733865734243189
AH0AG1JFF0Q2N	1.0	0.9443276325802714
AH0IB44B6M9E8	1.0	0.9090754320284588
AH0V9O74GBZBY	1.0	0.9651457478247719
AH117ZCSYX7FH	1.0	0.9592359354512882
AH1N8TYU0QMG0	1.0	0.956514337057089
AH1T3PLE8J7W	1.0	0.7890187355711343
AH31TPTZ1ZXF0	1.0	0.8078005803378517
AH32BK6OVLY93	1.0	0.9604393704544026
AH3T2ZDQDGXU0	1.0	0.9328212500404329
AH54B2AQ55U3P	1.0	0.8936171700331557
AH7DXG88FD5DM	1.0	0.9340114975990884
AH7XV25RX8BZK	1.0	0.917047855942722
AH84VDA0GAWTO	1.0	0.8256466947949107
AH85LFM438BJ8	1.0	0.897051532782276
AH87ZVY284O7O	1.0	0.9773398155100381
AH8EHH3V3YJZ7	1.0	0.6201842816311774
AH92SIHVKSAB8	1.0	0.6781337748325038
AH9H5JS7HDFGA	1.0	0.7789774476576354
AH9T0I45T8MX8	1.0	0.8939135722385524
AH9USQ00KNHBU	1.0	0.8832772104658619
AHA6BYRJ515TE	1.0	0.16104628069503277
AHA83V9H5CASG	1.0	0.44815419862021
AHAM7P6OJXCML	1.0	0.9132178941219736
AHB899WWYV0RK	1.0	0.9779660354333806
AHBG3YDT36KKJ	1.0	0.9227835662342516
AHBJEFNF79E7G	1.0	0.8034556064982418
AHC6SCBXJ6VMP	1.0	0.8289681726427457
AHCG532N9S0S7	1.0	0.8438147710204382
AHCL1I9N5JBUF	1.0	0.9166033253772284
AHCM2GKBTLDY6	1.0	0.7122280167277917
AHD7P7GHPH6J6	1.0	0.9753158894652296
AHDZNRNF068Z	1.0	0.879946471407003
AHEVJMKXKCV5	1.0	0.8528900015736673
AHEX6TNYZA0Y5	1.0	0.8279242697347896
AHF5IBUFBWIYV	1.0	0.27408010032708213
AHFL69EBLVAWU	1.0	0.9068053976258248
AHG7OKVJWQCUF	1.0	0.9518722930842732
AHG8CLTO5AG0V	1.0	0.9733865734243189
AHGB414G33B7B	1.0	0.9502580322159533
AHGJA3C7R97E	1.0	0.9234766877319016
AHGQ4KYOCO7M3	1.0	0.9508498042218746
AHGV9WTBS09G6	1.0	-0.1763651438502221
AHGWLTJQMNBRS	1.0	0.9452835562747413
AHGZYB93YOQK8	1.0	0.9584589043898282
AHIAUSUEYEFRD	1.0	0.7362206542665222
AHIM7P69WQ814	1.0	0.8749963460751993
AHJ0Z186QMG3I	1.0	0.8947027268652754
AHJ7JSW822HRV	1.0	0.9630609990809584
AHJBGZZT8NTU8	1.0	0.976986726168587
AHJSGOLXPIF6N	1.0	0.8973285677831963
AHJWD6AMW0LXI	1.0	0.9580736883555829
AHKDPVRV0D3RV	1.0	0.8236617748606194
AHKO7A2ZJJ3VD	1.0	0.9762805474856849
AHKYWT30AJNCY	1.0	0.9374611833333351
AHL7L5EGENKW9	1.0	0.9178479607578175
AHLGG9LN81ZJ1	1.0	0.9474554724517521
AHLOI384PGJNX	1.0	0.7966292510747245
AHM0BJW4T0DNB	1.0	0.9427883478114365
AHM59N5Y18ZE6	1.0	0.9274228280489295
AHM8MU5I3QS6C	1.0	0.8216908546263422
AHMA26LI51JAS	1.0	0.7277676922604885
AHMAQXXYIR6DK	1.0	0.81968318210076
AHMEG9CAAT2KF	1.0	0.7126644286528476
AHN9VNUPX1VY5	1.0	0.8715647292907255
AHNMNYO3U7MFM	1.0	0.9349698309930408
AHNOOY55NIRE4	1.0	0.7382043319175355
AHNZSUYBHWJ6D	1.0	0.8704848455466019
AHO434C6XUB8F	1.0	0.9038986877568039
AHOSN80G967IX	1.0	0.8715714441841772
AHOWAK5AQK179	1.0	0.4672504351194094
AHP87DDJ1MDXW	1.0	0.8763309372924812
AHP9LJA75HP4V	1.0	0.9227147717416455
AHPJLD8YZZ135	1.0	0.872333586450365
AHPL6R4U5WNQ4	1.0	0.8939872754953448
AHPMD366QVRUX	1.0	0.893548660768283
AHPURGFIR55WR	1.0	0.8565240861148499
AHQ1ZPVNBUT08	1.0	0.8919908914599712
AHQAG07IUO4ZO	1.0	0.9197229999262428
AHR4JUQSQVC99	1.0	0.8986313387631858
AHRI53VT05B15	1.0	0.9110596965684078
AHRV2V5RCJ3PS	1.0	0.8317103012947169
AHSF06670DDN8	1.0	0.9638838992486906
AHTD5X2A1DND9	1.0	0.9410544580556632
AHTR6T2RRCFGG	1.0	0.9654800892528805
AHTVC9QTLSMQS	1.0	0.5934636571463295
AHUHUA4SY9029	1.0	0.8806401803326807
AHUHUIABUO693	1.0	0.9518552386516529
AHUT55E980RDR	1.0	0.8633903860686856
AHVAT3YEGZYY7	1.0	0.9231966807175758
AHVL563X0USAX	1.0	0.7826915355531232
AHW1ANG7A3CR2	1.0	0.8667115661806615
AHW6EJ77XQTMY	1.0	0.5763861549379695
AHX3WF4PBV9D1	1.0	0.8007939713679522
AHXDJUVX5N32D	1.0	0.9501672041841446
AHXEUGEO6BB1D	1.0	0.8497714170439674
AHXFBAEL0U2RJ	1.0	0.9704548754705141
AHYLGON1K16KJ	1.0	0.9350080305953782
AHYPH3B9Y8FP0	1.0	0.5076079773969709
AHYT5JRC2MAXZ	1.0	0.6503482381586955
AHYWHH5IA19UC	1.0	0.9169819161998971
AHZ65S8367E8M	1.0	0.852929375258326
AHZAR4F9Y25RO	1.0	0.8847862769931635
AHZFHJ80AP04Z	1.0	0.8189330947622406
AHZQIQYWO1BPW	1.0	0.8601710382428868
AHZWYFV9D0QAQ	1.0	0.934784688334463
AI05O9ZISG385	1.0	0.9346906998220057
AI06C2NWQC82O	1.0	0.8156161836184194
AI0JT1H585O9K	1.0	0.7494054233395098
AI12W7ISEKMEM	1.0	0.7132959896399065
AI1E9YL2YWSI3	1.0	0.8523524390541971
AI1U4J8H7PJBH	1.0	0.8035180751543984
AI2PWCCDWVS4X	1.0	0.7475140488103771
AI2WD20YMB1TS	1.0	0.9279037519485547
AI3E7C3806ENK	1.0	0.801503954623799
AI3IZRS0HBCZK	1.0	0.649725915781639
AI3JISYJNKO9D	1.0	0.8253499936557266
AI3JTOVXOEM1Z	1.0	0.9234833488416463
AI3TTQMOR04T2	1.0	0.9327948845427739
AI3VY0VILTNA8	1.0	0.6778030889986832
AI3ZL8GDSX3G8	1.0	0.7812894758081192
AI40UAEU5L0BX	1.0	0.9400896176212444
AI50C1O5UDADB	1.0	0.7127146041685238
AI5CIXA1NYF7Z	1.0	0.6819982347955923
AI6ALUXESYPHR	1.0	0.8655239182809311
AI6FKY1O0RK9X	1.0	0.9662727579016568
AI6J8LGA93JTA	1.0	0.7736013375657396
AI8J4EJK03P5V	1.0	0.8853559795141437
AI9WR87S6MDC5	1.0	0.7559125359305657
AIAIA2L0HC35S	1.0	0.8404358927598828
AIB8UWZ1CFANW	1.0	0.4008993651327041
AIBC1PMKPA3IJ	1.0	0.5929829355056442
AIC1SL42DFFWU	1.0	0.94073433301384
AICTVDFQXRU8N	1.0	0.6953228731005734
AICTY1U7ZIG5C	1.0	0.9149019892572274
AIDFLFUKJ657I	1.0	0.9407013687142123
AIDI6WS1XU23I	1.0	0.9242160830877315
AIEILJSYAWK09	1.0	0.6558564533501737
AIFGINBC1YL3V	1.0	0.8792722839493183
AIFJGKRCF30F1	1.0	0.662594208714869
AIFJQN5DF4I0N	1.0	0.8935295661883373
AIFLY2HF8NS8U	1.0	0.3435263638360227
AIFRWI74QVIQW	1.0	0.9390607758862439
AIGDW6SOGFY9N	1.0	0.9412954655233804
AIGJSN8D0RFYP	1.0	0.9161118681833397
AIGLTKLQP6HFN	1.0	0.6737302003633954
AIGW5VY9HHOC0	1.0	0.5767157781500551
AIH70EEUT8XN2	1.0	0.9347526870220167
AIHH3AQJU3EVO	1.0	0.930544605571228
AII08QG6P09MK	1.0	0.9320194465301143
AIIBHFS2EP0EA	1.0	0.8916742163566281
AIIJCCSB2F086	1.0	0.8309675415711442
AIJL0D9NO87SR	1.0	0.9090754320284588
AIK8GHH8DRMFL	1.0	0.8984832248401086
AIKI16QELDFG5	1.0	0.9650140257138704
AIL3G9W5WKJCT	1.0	0.8283174610916763
AILI31O5KVSKK	1.0	0.8788624888885636
AILKGRMLEMGXC	1.0	0.8732223251290714
AILXQNZL2BI2F	1.0	0.769161083002968
AIM5FVQ3Y1OSZ	1.0	0.6939701259239575
AIMKFM0OXNHDS	1.0	0.7652448600640577
AIMNI70V4A4V5	1.0	0.95891600162454
AINB901642O21	1.0	0.8382472182752552
AINLSX0BI5DV7	1.0	0.944070262042353
AINWY1792CVQ7	1.0	0.9556442890405316
AIO5HMETOHB36	1.0	0.9608005210272464
AIOA8F7J8LMDK	1.0	0.7185698637710379
AIOJQ6D6OQ43R	1.0	0.8758855437764
AIOS8LKXR4AKY	1.0	0.9131937618600852
AIP7X9PXRM3KY	1.0	0.7124246237835647
AIPC7UC2V4Q08	1.0	0.8470825014416193
AIPN4PS1ZZDD8	1.0	0.7373603539333572
AIPVBSDKGSFMH	1.0	0.9145732193215397
AIQDFXQG9K75D	1.0	0.9217704807944531
AIQNDNFFI9VLH	1.0	0.7435484970784896
AIQS65AISQ9TG	1.0	0.7727725846526148
AIQSL56HOXWBV	1.0	0.6936584660785408
AIR4C2TLFDGHU	1.0	0.8011931538560687
AIR68A6NSWMQT	1.0	0.9452442251511272
AISLE951W0N6X	1.0	0.5665096759373199
AITEQT6666NDI	1.0	0.9676063757291077
AITIAOB6ICRLW	1.0	0.41291298640199453
AITP84SAPYS58	1.0	0.8521134778978864
AITWIN9BE0L21	1.0	0.9271709350501509
AIUR1IV8CCNMU	1.0	0.8879256416846811
AIV1SDZ5Y6WX2	1.0	0.9697744941401568
AIWK8VV0HAD0I	1.0	0.7826187562698651
AIWLG2TL16YON	1.0	0.8508806995536179
AIX0P4OOXBUWC	1.0	0.6052206156220853
AIX54N2I830XQ	1.0	0.9257514002925185
AIX6N6L3B1B5H	1.0	0.9292336269479865
AIYB608EHCLYT	1.0	0.48673502784012806
AIYB8FUXTF365	1.0	0.9300771375690355
AIYJ5S5A9OR2I	1.0	0.8636635551853454
AIYSLCRQYOSLI	1.0	0.9103239200606077
AIZS1L4JX3IS2	1.0	0.8613756945804466
AIZS530YGOVGE	1.0	0.8886960605150435
AIZWM3J1HG027	1.0	0.8194292433576918
AJ0193INN80PJ	1.0	0.9834193440719844
AJ06716J4O5AN	1.0	0.8888176135988968
AJ1SPPKL1Y8PO	1.0	0.8161053190631373
AJ24DXRPKYD0Q	1.0	0.9328278488424017
AJ28WC5QXSSXK	1.0	0.5130586301589652
AJ39VVR40MFLB	1.0	0.8908344860608988
AJ3HUMIGUFK6K	1.0	0.9084033826304146
AJ3KD1TK0YBQC	1.0	-0.1761214200215653
AJ43MMJAPEID1	1.0	0.9123315196857539
AJ44QRPFZLYQW	1.0	0.9315101014804952
AJ4N1F0LLV4F3	1.0	0.9424101008260203
AJ4RIAWG3GQA8	1.0	0.8462635230653541
AJ4SSNT79VCSI	1.0	0.9353430750988039
AJ4WLK3PFRCR5	1.0	0.9017664495558881
AJ533XVQPYZVB	1.0	0.8171933577361588
AJ5N078XSBAWJ	1.0	0.5558007987683307
AJ5UD1H9SF50T	1.0	0.9331479738842249
AJ5UX0F1TGV7N	1.0	0.9822577156162126
AJ5V9EBLVBHAW	1.0	0.9458410197706176
AJ6667RFAYUMF	1.0	0.9628854460582497
AJ6EPNGNSGW3P	1.0	0.4056149151616452
AJ6I35OWXX94P	1.0	0.959772138949713
AJ6JJ2TXUA7OO	1.0	0.9108634743417974
AJ757PG2TZA3H	1.0	0.8076435687296347
AJ771WTMVO2CK	1.0	0.796467279612201
AJ79L3NEILJ4G	1.0	0.874761573580977
AJ7Y805IYVIOD	1.0	0.9248884003713355
AJ7ZOWOXK7EXL	1.0	0.8816256912363699
AJ8CBMFSPRKQU	1.0	0.9538647729492323
AJ8M6GVFGIRLS	1.0	0.8511707466639753
AJ8U77UXJSM3W	1.0	0.97082524877449
AJ8UPIUHSG3R5	1.0	0.8829084393417764
AJ9DP7QXFZKQM	1.0	0.6902651023342796
AJB2M60CE9HOL	1.0	0.6443854818188492
AJB9TGSG4NMIA	1.0	0.8099419918923088
AJBBU53A0X84I	1.0	0.9018937596667832
AJBW9KXT4LDPU	1.0	0.9107841641402667
AJBZ5EHYE9YOB	1.0	0.7026456176581931
AJCATUJQHJAS9	1.0	0.9044501405446955
AJCC7PGJWTO7A	1.0	0.8364736098363127
AJDKYFN1XXZCJ	1.0	0.9067680564328987
AJEPTYZHK06JE	1.0	0.8642870900822757
AJF6NFPAW3G3K	1.0	0.9157868574616405
AJFEIYLIX55GG	1.0	0.8243876263156049
AJFK4ZLGJSWQ8	1.0	0.8527760060283472
AJFNEL0DBQ42M	1.0	0.8935780714240468
AJFOJ8N4CUCPH	1.0	0.8850572609789242
AJFQYHQVBJN5M	1.0	0.5588759113318561
AJFVIDIUMOO9M	1.0	0.9633635731417712
AJG0NKGWBSIYI	1.0	0.9202575062067269
AJG1EUV3ZC8EF	1.0	0.4903796273237708
AJGAZZE3HWAT2	1.0	0.8852867201843861
AJGNNA8B751SW	1.0	0.7871650191926257
AJGW0DMBFPPYL	1.0	0.8802270485755245
AJGZ7ZWT5HWFL	1.0	0.8509791131232495
AJGZH8VFWTTIJ	1.0	0.9418552467424632
AJH0606YM6H9O	1.0	0.93138317190334
AJI1BW9N2L54	1.0	0.5712659991790024
AJI7Q53V06VPR	1.0	0.7636245482815694
AJI9W89KMR293	1.0	0.8447050006067278
AJIM2ZSPFAKN8	1.0	0.9805868789128551
AJJ1731JNFYX2	1.0	0.7917119742839096
AJJ5RRRV2GCR9	1.0	0.7706555033374373
AJJAJWU8VLTUP	1.0	0.8898897353641044
AJJNAHV3PN7WW	1.0	0.7983846536283217
AJK5WHV1GW941	1.0	0.8751646996251988
AJKVYK4Q5EL00	1.0	0.9129471590911151
AJKWF4W7QD4NS	1.0	0.8342100927307458
AJL6NDM65SBC4	1.0	0.9694826313553472
AJL9O252WPN76	1.0	0.9075636666735372
AJM7IL5JRDTS1	1.0	0.9397328323160268
AJM9DERT9ZV4I	1.0	0.947832414872991
AJMNKIEV6HMJX	1.0	0.7700942265465507
AJMYOAWK2XKS0	1.0	0.9733156159213955
AJN0KF1PK7RXS	1.0	0.7151146883590176
AJN24XT3OYM4D	1.0	0.9530640130321003
AJNFQI3YR6XJ5	1.0	0.9002984704365622
AJNQTSR3IMW8Z	1.0	0.9271635672553151
AJOO2EH0SD09M	1.0	0.8256666165675297
AJOTBJEKCSIB9	1.0	0.853994180583775
AJPVL7Q4OS0UO	1.0	0.9215720776387609
AJQISMZ3ERXD4	1.0	0.9474554724517521
AJQY037DOC2S6	1.0	0.9446546107999314
AJRDNJBUA5OYO	1.0	0.9400125668271156
AJSBOV0V9R2TD	1.0	0.9183823470258075
AJSG9KPIBOM69	1.0	0.9472302696665612
AJSKYAPVADCNH	1.0	0.8972383936442089
AJSPN58WKZK0C	1.0	0.9805868789128551
AJSYKKEC5TC9H	1.0	0.9451689074336338
AJTH0SPL3SR1S	1.0	0.8392922695944621
AJTPRKQ80W6SO	1.0	0.8103262924630135
AJU0NSW2L3E3N	1.0	0.7894583400673857
AJU4R3SWB0BTM	1.0	0.9011610420052665
AJU9STZCDSWD	1.0	0.500138580385452
AJUNJ4JWSULI0	1.0	0.9030047400280325
AJUX54YLEM354	1.0	0.6432714062294141
AJVPXWXNSJ7H8	1.0	0.9690802419971486
AJVWN5C7ZMAV8	1.0	0.9258294929093133
AJW2BSKEMJX8F	1.0	0.9170082816975562
AJWUB8DIEM22G	1.0	0.7692049795349135
AJWUF9MOKUYJX	1.0	0.865073885858228
AJXNKW0XXZX1X	1.0	0.9154580846839029
AJY4VG2QQBCI4	1.0	0.7632083829528084
AJYQMHZ45L2PA	1.0	0.7772275633515512
AJYYHB80O4GQL	1.0	0.4433529471531492
AJZ2IH28PQT00	1.0	0.8240838061017053
AJZ9KB7OUR6Z0	1.0	0.683702482188372
AJZLF3QCFD5L9	1.0	0.8297307554899046
AJZR37LXKSI7P	1.0	0.7093975486844134
AK0BQPFK2RWNY	1.0	0.9108495117508496
AK0CENM3LUM28	1.0	0.9010135948182857
AK0H0GRSKKOBO	1.0	0.9403086953511987
AK0TW820PCJSU	1.0	0.9159022234674031
AK10XZKJ160B9	1.0	0.9207890419468834
AK1NGMWPEZZWP	1.0	0.8658507764757782
AK1O1SSMJMUPE	1.0	0.8555215084514489
AK22V25CTCSK6	1.0	0.9245098095486669
AK22YPZX384RR	1.0	0.8843851587957471
AK2320S02R7UD	1.0	0.8491551769043089
AK2PIAA79O1FJ	1.0	0.6578079424441946
AK2R8BR8AY1IE	1.0	0.888751547926232
AK3NVWENWMJ5W	1.0	0.7170004543413088
AK405SLXX4RSN	1.0	0.913665916059851
AK47LZJ4JGX	1.0	0.7433804674061936
AK4BU9S6OX2E	1.0	0.9192065876347685
AK4RZ5IJO2F70	1.0	0.748058567230989
AK5150FPWE33Z	1.0	0.921384288829089
AK521HH314R1Y	1.0	0.6412712171842428
AK5OTM9W4GWN1	1.0	0.9746430609984359
AK61TPLCAQMJG	1.0	0.8470215931942849
AK75SMWG80BGL	1.0	0.7812382312266224
AK7F3GUWD0MJL	1.0	0.9359726886158334
AK7Q7SIZL256G	1.0	0.9018104867575378
AK7WEJE7000GJ	1.0	0.9399259307015526
AK8EO406E0EWS	1.0	0.7723336614930364
AK98BK92X3LYJ	1.0	0.8649718638919838
AKAAWLXUTIZ8T	1.0	0.956514337057089
AKAWPV482ODX8	1.0	0.9659801725270213
AKAZT5193KFR1	1.0	0.7610169976789481
AKB29O6CO1VRM	1.0	0.20424597220042445
AKB8CY20JQQEG	1.0	0.7652957478804434
AKB8X5WG9OA16	1.0	0.8905940355661935
AKBCG98VTCOCQ	1.0	0.9241126873236453
AKC4RXUKHIUNI	1.0	0.7701169191447648
AKC8TAN4F4GOH	1.0	0.939782979901486
AKCDFB3YHZ2JE	1.0	0.9626315618652183
AKD0HR91GEYD	1.0	0.714702779270772
AKDCP9BAU7UOU	1.0	0.8246956922108323
AKDD4J82MHAYB	1.0	0.9288296656844406
AKDNX4TF9ZDHF	1.0	0.5546730413883569
AKDY53YUS20MB	1.0	0.9568260713027013
AKE5GVUA4Y247	1.0	0.922287477886032
AKEIYNCINH7A7	1.0	0.9427811913448737
AKEKH0KGH6QWO	1.0	0.9099255190776419
AKF6U9A38EVY5	1.0	0.9379606642018599
AKG4Y64RZ1ERV	1.0	0.8009738148924461
AKGBA9Q7ONT08	1.0	0.8105003584688844
AKGF27HN0OF19	1.0	0.8469342190648477
AKGFROKTDY3G7	1.0	0.8314554789634045
AKGILLVDTGP39	1.0	0.9542112743016725
AKGME0UCV6QEM	1.0	0.9177591597713703
AKGZJJIRUWKNU	1.0	0.9662081468600526
AKH5I73TJWCZ3	1.0	0.7802905930274342
AKHTEB79XEI6J	1.0	0.9129555410898941
AKHVEQDDBEAJA	1.0	0.8378881638023763
AKHVXWI2VHWIE	1.0	0.9141916596670323
AKI0BEE4STZNM	1.0	0.9486932817829609
AKJIAZB14GGLW	1.0	0.8817811774440159
AKJJISTB1NUMZ	1.0	0.8838997134927222
AKJMEQHNKTGNX	1.0	-0.019698915457438165
AKJQ2E1IV9C3I	1.0	0.7996181577615397
AKJYA3882IQE8	1.0	0.8406899339983992
AKK5VZYUN32O3	1.0	0.9156043124257041
AKL0MW0YCIZJ0	1.0	0.8842684968564505
AKLATKV2FUI41	1.0	0.8351966079899688
AKMWILI3V2XCY	1.0	0.8738819042310425
AKMYVNYF44CVM	1.0	0.24780992044654257
AKNT0SBNN5YM8	1.0	0.9660381311888885
AKONYRYHYWYU5	1.0	0.9167717470248843
AKRRFT4S1WHPS	1.0	0.9353293122203679
AKSS684TUJQX3	1.0	0.7089863451604472
AKSUWBL9DP74T	1.0	0.7362040204755791
AKTILF441WKL3	1.0	0.9167042868023085
AKTLFZKPWH5R6	1.0	0.9481883383704482
AKTXH450NN1A	1.0	0.8700160611907561
AKU6Z3B3QXFY3	1.0	0.9586576855802432
AKU7YLJQVEKCK	1.0	0.8702186296567145
AKU87CDPNQFJ	1.0	0.8660029144168501
AKUEVQHEVKDFQ	1.0	0.9556442890405316
AKUMRHVDLD47I	1.0	0.967392474354504
AKUZZ6YA71765	1.0	0.8914861642102561
AKV10INYAA0L4	1.0	0.8434279852892154
AKV6JE85B1LMY	1.0	0.684115484642816
AKV7Z2RU3LNP3	1.0	0.6703703044623309
AKVD0HOL2W48C	1.0	0.7821078547983711
AKVEQ72PG52LT	1.0	0.8739923540410096
AKW5WFJ24WMW4	1.0	0.8817553576020986
AKW9T9A31BEGB	1.0	0.947919050998554
AKWBISUDHU6WQ	1.0	0.8451672790070768
AKWZAQ18IJ70D	1.0	0.9082408925397276
AKX156GMCRHGS	1.0	0.9610794701849976
AKX9H310VDNQ5	1.0	0.9267566556462501
AKXAGMGJXJNNT	1.0	0.9251364507633473
AKXNQ67GCNKND	1.0	0.563404461432177
AKYNIMNI8LOBP	1.0	0.9435146574372708
AKYVULF26X0KQ	1.0	0.9320191714950836
AKZEWOSAUVQ7G	1.0	0.9429145147668165
AL05KLVNUGLPN	1.0	0.7427401193695019
AL1KMNO7PWYLP	1.0	0.9697744941401568
AL1SDU6IBANOG	1.0	0.5712017604902996
AL1SQ33KE2PCT	1.0	0.8006350405292756
AL1UII1C3SGQX	1.0	0.6737912022106283
AL28PR7DPO8US	1.0	0.48153293444259476
AL2G5HIFWDANU	1.0	0.8923760864319898
AL2S024KQ7LHY	1.0	0.7886076153752947
AL36MFV9FIYT1	1.0	0.9526981182990527
AL3UU2MHSTVZT	1.0	0.9618680099687185
AL40N7JLDTB2X	1.0	0.9709626150807767
AL434WPXLPKL6	1.0	0.9697744941401568
AL4CJITRALYBU	1.0	0.909714932656359
AL4D87ZLRYTWV	1.0	0.9422333050509221
AL4IN0E7F7NO5	1.0	0.9224292609006074
AL4N09PZZ7IIB	1.0	0.9043869753677463
AL5FJ533FZA3Z	1.0	0.9439658089128349
AL5I3OVMH953O	1.0	0.7730456620152655
AL5RFV0ZQ1IO9	1.0	0.9507230952605007
AL6G2NJC33JJB	1.0	0.8287048234638474
AL6UGWHXY56GN	1.0	0.5139033275013825
AL7BV65UEAV7O	1.0	0.9152056167245712
AL7XUX34P7B87	1.0	0.9334084259848943
AL8FT8PYK2ECV	1.0	0.9155613451896444
AL8IDHJPCE00K	1.0	0.8365807691421302
AL8LUKNU14FH2	1.0	0.9122532361015183
AL8P9LF6O5A9B	1.0	0.877346671694359
AL8PC7LV1RINQ	1.0	0.9006773398560544
AL8Z94R7MIQSW	1.0	0.5306903933759954
AL93BXMG19BDS	1.0	0.9392197520186505
AL9WBU13RZN4V	1.0	0.8595985392310285
AL9WKVMRI6GFB	1.0	0.9716765483404124
ALADBFMAAKXQJ	1.0	0.7980732012918097
ALALGY2GIMTT9	1.0	0.9575344194625182
ALB56I6WCMC1Q	1.0	0.8211130382711737
ALBCSVBV3BGWJ	1.0	0.9584330028159508
ALBV5RZNG64MT	1.0	0.8583925657377199
ALCLEF26KV34M	1.0	0.8515888745904465
ALD1CRUBY1365	1.0	0.9388390539001139
ALD1VE4VP3JYS	1.0	0.800647824432045
ALD8OBPHDISXV	1.0	0.9661862679357827
ALEDHXO9KR794	1.0	0.4113589170610815
ALEL476C8W4AD	1.0	0.8970048963478079
ALEL99YCZRJW2	1.0	0.9508615545474249
ALESF2WTCYO3Q	1.0	0.8873768210281727
ALF0HXDJGI984	1.0	0.9500671339813443
ALFDN13GD5K1	1.0	0.9441520413587027
ALFMEPNFK32Z3	1.0	0.9393789155404251
ALH4PWXTRLHOT	1.0	0.896847457228877
ALHVEH9POH57V	1.0	0.8341091437519729
ALHXSDS7ATZ4E	1.0	0.8624892604682035
ALIBRR4PLLLX2	1.0	0.9360153822500221
ALIHOPCSOMB2J	1.0	0.8424441166006842
ALIQSYVGG972W	1.0	0.8566463239877113
ALJE4YDLQH1XF	1.0	0.8857498609528505
ALJUTWGBZ5VFQ	1.0	0.9169819161998971
ALJYDZ3OXY0KJ	1.0	0.9611737578257102
ALJYPSJWXWNAO	1.0	0.898030321487435
ALK88KXNK17GL	1.0	0.7310540937085862
ALKAI2U5C9TU5	1.0	0.8011276629222445
ALKBO0791XOU9	1.0	0.45554438963741095
ALKRE5BA3N1XF	1.0	0.6641027543059195
ALL02F2AX2RLS	1.0	0.7856403957158005
ALL9XFM0Q1N4E	1.0	0.788748018677777
ALLFRF6VQ8V64	1.0	0.42694808711548743
ALLHWTMP6FAGX	1.0	0.6268272829501241
ALLNO00CO6Z75	1.0	0.7726595947297076
ALLU4SGSA4SJG	1.0	0.963456163208072
ALMFJI02GOXMM	1.0	0.7760082991500532
ALMTNCYYV2F1S	1.0	0.9694333313385998
ALMWVTEYQJ8NF	1.0	0.7586444547818574
ALNA0LNFKVM64	1.0	0.7899013965348424
ALND45MWBGUQS	1.0	0.8986540710465452
ALNEY7CB9A76V	1.0	0.8060443810499831
ALNFVLAUJH2KS	1.0	0.8920933762372815
ALNN0L119XF76	1.0	0.9255530435743989
ALNQFCZ3JMH7X	1.0	0.8847016139751607
ALO29EQ7DXY7S	1.0	0.9263076633087027
ALO6T6EZXQDEK	1.0	0.9156043124257041
ALOB5YX7P56SP	1.0	0.9311493985135568
ALPCW7QJVQ09S	1.0	0.9310001166131802
ALPE3NCGPORE	1.0	0.9483584865385317
ALPLKR59QMBUX	1.0	0.7341335523210738
ALQ12GYW884EJ	1.0	0.9399366079012309
ALQ7QJG0N40N2	1.0	0.9254025599905529
ALQIIQQG2FEHA	1.0	0.9454136452646514
ALR35EFI69S5R	1.0	0.9387720526733015
ALR7KTHO5WI1K	1.0	0.9288746067566824
ALR8EFOWMIYWD	1.0	0.875780169516445
ALRVXJCZR5A70	1.0	0.866062819105037
ALRXM29R46P1N	1.0	0.0207924975542916
ALS9E01HVAVNM	1.0	0.7494709245967932
ALSPH1SSBSNEI	1.0	0.8974049257790969
ALTBKYJABYO6H	1.0	0.6990217552596995
ALU8RT25JPQLH	1.0	0.9558255351699924
ALUHHQV1RYYK4	1.0	0.8897822716193521
ALV4LWKRIQT18	1.0	0.6258969047565272
ALVC47S59N66Z	1.0	0.8798414969581181
ALVT0MUTPRUSC	1.0	0.9435022303660329
ALVYWY7B2VF9Y	1.0	0.6455198407296455
ALVZJE4RUFYN5	1.0	0.9323641096439927
ALWGVXBGLNFM2	1.0	0.959048764734683
ALWINJYUDI92N	1.0	0.6956342752248055
ALWTNCXD2GRI0	1.0	0.9546763373462199
ALXIVAK87QUW	1.0	0.9040978756577309
ALXJDUSJO8QTZ	1.0	0.7188030028875366
ALY082ISXIOX1	1.0	0.7345014037744119
ALZDZ1QYQTXKY	1.0	0.6850480048625277
AM0PEN63NWGR	1.0	0.8778746902901844
AM0VF6RPNH0KL	1.0	0.7287935598225009
AM0W45TMCLDII	1.0	0.9288416424570547
AM2JPXGV8TW41	1.0	0.5482148024949912
AM2VNIUI1472Z	1.0	0.7759414845024484
AM363L33YZIAL	1.0	0.9005803434556893
AM3BM8A25U2I9	1.0	0.7915480722836987
AM3TBMBGRMLUU	1.0	0.8128359659536748
AM48X6OKAHHG9	1.0	0.9847370914338909
AM4JQMO7C2FF3	1.0	0.836503554230943
AM4X3TREMZTQZ	1.0	0.9604798381830908
AM59SNKCZFXX	1.0	0.9802337895714041
AM5E53FMI5AKK	1.0	0.8133038350964263
AM5R8K3M1C2BC	1.0	0.8851159843732546
AM6O9LW5WDPAH	1.0	0.9668386881439689
AM6VTBYIG6ZLG	1.0	0.6566430426818265
AM75JTV2DB064	1.0	0.8510749178478707
AM76055S695RM	1.0	0.8748257672893551
AM78WFHEBDBGM	1.0	0.9768306072624524
AM79IBLR39XWP	1.0	0.681774201138601
AM7BBCW632FX4	1.0	0.8845326207256302
AM7F4C9A6ARU4	1.0	0.8422412675637124
AM7U9MNYQ8LD4	1.0	0.8284960130360826
AM7ZS8WZ5UN08	1.0	0.935196549110225
AM8GW93GCV2NR	1.0	0.9537149729996208
AM8X847IKEY1D	1.0	0.9439658089128349
AM98EI5K7UQ2M	1.0	0.6190181123914404
AM9HPKAPJ2KEY	1.0	0.947323069823372
AMAC2XRPTF2HW	1.0	0.9452720092037309
AMACIWMU13K5D	1.0	0.9042178599008528
AMADI7SC9RYG2	1.0	0.6672703092688175
AMAH5NQ59ELIC	1.0	0.849776800742671
AMB018TY7DICC	1.0	0.9768306072624524
AMB67VUQF905H	1.0	0.6661843953883012
AMBD1QDCZNYUT	1.0	0.8122299971353149
AMCEEV9SXM9AO	1.0	0.8987007188131948
AMD70CW0GT0CW	1.0	0.9302057689072432
AMD8BH7CRW02F	1.0	0.8538481677976898
AMDAEMKMM65WP	1.0	0.8810382411985275
AMDB7WY6WTNHB	1.0	0.8154879202337146
AMDBD6CLYOS6W	1.0	0.8860628385508594
AMDC4OLGMNHH6	1.0	0.8767774459446611
AMDHHRZYHR4A9	1.0	0.8746722038445982
AMDIOMD8FD0SC	1.0	0.8186523254588668
AMDM6AFU78S99	1.0	0.9427439504964922
AMDNT5YEK3ORC	1.0	0.6684815617599258
AMDU0BX84XS2P	1.0	0.9644593140900812
AMEGMS866UZ6F	1.0	0.8853443316406094
AMFA4MKQ0JXXC	1.0	0.778580453724123
AMFC45VYVLWLH	1.0	0.9393062404477798
AMFC4HUS3D16W	1.0	0.9618680099687185
AMG2LF8MLUDN1	1.0	0.9723273053999657
AMG98U278WPGH	1.0	0.8595701213385389
AMGFCR3DQLQ3S	1.0	0.858181685607739
AMH10EYZRBFIC	1.0	0.9439658089128349
AMHDWB7GTO10R	1.0	0.9387186476863424
AMIWG5U9FXPXI	1.0	0.9495592920375354
AMKS3Q9B5I3PL	1.0	0.8917951926471586
AML2J40N13G6I	1.0	0.9689241230910141
AML8287U73R9V	1.0	0.8437066979672975
AMM02DQ7X831K	1.0	0.8964328095544164
AMMU9VZZ9OSII	1.0	0.9179009404244994
AMOJOOI5OKHXX	1.0	0.8038698320507507
AMOPZSLIFY9IB	1.0	0.9464419364314568
AMP7TQRWAIE84	1.0	0.8699965303597924
AMPE7SQULMSZO	1.0	0.8957030185593344
AMPVPCQGRJMEU	1.0	0.7894898589354534
AMPXEKJNVIX8L	1.0	0.9773398155100381
AMQ2W98X97TM6	1.0	0.7980004883994052
AMRALX2WKRBUS	1.0	0.6596795079949856
AMRHEZ7RKSHK8	1.0	0.939511121306786
AMRVMIRRZE4E6	1.0	0.9224642283303719
AMS7O53N8WVQ9	1.0	0.8725919232150993
AMSG031VEU439	1.0	0.8722073961715201
AMSGZHS4PTKS2	1.0	0.9703506843571061
AMSIVOSFZJXIB	1.0	0.7311795381710955
AMTIG63PJHLIG	1.0	0.9487071291317466
AMTRGINW8W2Z7	1.0	0.9706804234395762
AMU5MVT8PG0GJ	1.0	0.8718280569053868
AMU94L67SIBA2	1.0	0.8179269449070857
AMUR6LDRODE61	1.0	0.9482032387346507
AMUSWR849Z3X6	1.0	0.9419095568209901
AMVB9XUZT0NCT	1.0	0.7402971502945982
AMVM6Z8QO838S	1.0	0.9832985607729885
AMW1OYXWOGZGJ	1.0	0.9290365976871463
AMWDFMQE3IQCQ	1.0	0.6860812164614936
AMX416JAFLNUZ	1.0	0.8468205390692893
AMXH6AEME9AIN	1.0	0.8326418295227359
AMXJILNFU4TNH	1.0	0.9356015442871873
AMXMIZDTX68TN	1.0	0.9328995366670995
AMXOKGEPUY7H9	1.0	0.8055055151597036
AMXUSQHMT3SYB	1.0	0.8815968040058433
AMYPYCYW5GR6Z	1.0	0.7519126157198357
AMZVCTAVEJYNT	1.0	0.4774456531974303
AN05550ACLDSJ	1.0	0.6687225685887732
AN0DDBQW1I5A3	1.0	0.8823741299572857
AN0ZSVY310R3	1.0	0.8977833657946883
AN12CK1QJDO5V	1.0	0.9204636462842136
AN12RI3HW4R3J	1.0	0.9463633429117394
AN1DQ0XI68FAK	1.0	0.8581793856981328
AN200UZP2XZ9R	1.0	0.9152210278547859
AN2FZ6SBNYDDQ	1.0	0.9504768388322045
AN2OQO25R328V	1.0	0.9476410375387616
AN2PHLCFQ88YL	1.0	0.8956620678419462
AN2UK3AVEC1O4	1.0	0.8706738796758781
AN2VB4OKS0XJZ	1.0	0.9871756157223872
AN402FWV4UDOF	1.0	0.9156043124257041
AN4L59J9KEN0Z	1.0	0.930574152853906
AN503ACH2N949	1.0	0.913028674114178
AN5B3K7QUIRHN	1.0	0.7278669609541014
AN5BWCA0MU1LR	1.0	0.7147627982954351
AN6FBB9DRZ81Q	1.0	0.7278952324258781
AN70QAG4P5TIS	1.0	0.8650011646842166
AN7A1I6VGOJLZ	1.0	0.304829242390958
AN7G8EB6R8VI3	1.0	0.9249880928231807
AN7UQ0FW76CGG	1.0	0.8988658851016039
AN7X5M336WQRW	1.0	0.8979385463783617
AN818CF8CCL1A	1.0	0.8234722801627923
AN825SURNWTTK	1.0	0.461006215406518
AN84FTM3K0PV4	1.0	0.8252927698667669
AN87P9433INVO	1.0	0.8405829121223932
AN8SGZUXGCZ0S	1.0	0.8915012465704274
AN9AXUWNL1KNQ	1.0	0.8525056327959368
AN9P18ILYY8PO	1.0	0.850806944728859
AN9PM7Q7ZMZWH	1.0	0.7197651788290219
ANADE9ADNNBJP	1.0	0.8914143846411701
ANAF3U9DAVS2I	1.0	0.6950740390369797
ANAX7K8262IV8	1.0	0.8743682226439922
ANAYSRE3LX8GZ	1.0	0.9447492208038293
ANB5WY9TBBZFJ	1.0	0.9424509213654596
ANC7E7OF9FPVX	1.0	0.914339866249122
ANC83QTWJYK3C	1.0	0.9264145803654323
ANCOMAI0I7LVG	1.0	0.8890501669025463
ANCXBCBZ1GW0O	1.0	0.8656556881607573
ANDEVRPJUD9M0	1.0	0.8918407545761123
ANDY2Y21N7FBF	1.0	0.9821775760164587
ANE90QF4SOB5T	1.0	0.9163057077385082
ANEAAU0SFF932	1.0	0.792975145521181
ANEE17HFDGRU6	1.0	0.9428199047629185
ANEJU9KHV4OQS	1.0	0.818529304072509
ANEXAQIIKAPI9	1.0	0.9533474686068032
ANF3BKUMVZEDK	1.0	0.7675133368685917
ANGEFJJZ5MHFS	1.0	0.9353645589936405
ANGI63PXRL654	1.0	0.7890067844182711
ANH7ENGKJU9D6	1.0	0.49029167747640634
ANIF3HV8OD10	1.0	0.9231353973926866
ANIISS282BPB1	1.0	0.8984168856742333
ANJ8X1J5DVNMW	1.0	0.9273287319792443
ANK5TBM5NT59T	1.0	0.8809107687382228
ANKU0XWB2DMPA	1.0	0.9511261172735695
ANLDF6QSF5TMT	1.0	0.8317987664543934
ANLO1QJOLASKN	1.0	0.9409851987259058
ANLYV7E27PQ91	1.0	0.7825678382061919
ANMAEMCHWTH6R	1.0	0.8813056195377214
ANMOH2JU6W3YG	1.0	0.8387579230603672
ANNJ8FZ6KRUTO	1.0	0.7540805593861074
ANNJH6BX6TK7Z	1.0	0.842094690563189
ANO58GS5RG9DM	1.0	0.9362419994318101
ANOAFB0GOMU5C	1.0	0.8173972284204539
ANOM2YOZ2MLXU	1.0	0.9342677758296772
ANOOQD9XOQWSM	1.0	0.9370319566401867
ANOV2FV2WE1FG	1.0	0.7899768678401704
ANOXPH8N3Z8VW	1.0	0.8061779698143854
ANOZARN8ZIT7V	1.0	0.9768737519710279
ANPPG7QMHDYH9	1.0	0.8962439838499385
ANQ5BRI63AKPY	1.0	0.5633549257308847
ANQAMP3LOP0D3	1.0	0.5568096290159271
ANQRODGYGF0MQ	1.0	0.8591842887160922
ANQUZJKZVBQII	1.0	0.8999238561712033
ANQYNX4B62RT5	1.0	0.8799910819108842
ANR0N32POF1BB	1.0	0.4487407935737163
ANR73TPVBCQ9K	1.0	0.778473040040762
ANRMCZ44TW142	1.0	0.9249405205876544
ANRSF4BSFCRE7	1.0	0.6800445611024841
ANSO2ODK8EN5	1.0	0.7924567425841479
ANSX333SYE382	1.0	0.7893102952476714
ANT0BJ8DO4TBO	1.0	0.4920126965301083
ANT6IQXNQCNK5	1.0	0.5707436554698335
ANTMZ5ZC0TLNZ	1.0	0.9555496790366337
ANUADKPGTF1KT	1.0	0.9406469444130058
ANUBVFARDOOYP	1.0	0.6416599510051721
ANUE4TU60TPJH	1.0	0.9524918356416122
ANUP6BOT6CDWB	1.0	0.8634946927562929
ANUYTSCN5RXFZ	1.0	0.8179973109498625
ANV4OALWL6T42	1.0	0.6754228543776416
ANVGC2RBMKO6I	1.0	0.9713736831431221
ANVYD4KHOTI1Y	1.0	0.9469632029627759
ANW2OLHK0SS6I	1.0	0.8506282907777517
ANW2XBWUNOUVQ	1.0	0.7021333544281607
ANW5096LTXW5O	1.0	0.8951607213551172
ANW5E53DV4WZ0	1.0	0.8440641749861828
ANWU1X6ZVO7K2	1.0	0.588852447443361
ANXE83U6YJMBJ	1.0	0.7082781834258698
ANXR9ITGY76OI	1.0	0.7033312306024769
ANYK6RVBXXP4I	1.0	0.9278768731517958
ANYTUF0RT5TOJ	1.0	0.8579144025123573
ANYY7Z3R1LAUN	1.0	0.8837755553697968
ANZ364G88TKSA	1.0	0.7615671386947231
ANZE1G4MCG6H5	1.0	0.9531778938666604
ANZE72JGJXDQL	1.0	0.9006684576798666
ANZE9ULNDLIJJ	1.0	0.8909872675841938
AO0F2LUS35SPA	1.0	0.9421371496811594
AO0TDVIX4BZK1	1.0	0.4664477666200533
AO0THQ0CAS5IM	1.0	0.7935452702838129
AO0U81XJ37XO3	1.0	0.8706218245207985
AO12LXYMT1IIL	1.0	0.9390214458723408
AO1B94M41NM9Y	1.0	0.7891915861913543
AO1JG7SMPAAV7	1.0	0.7368303275348586
AO1SOMCVOHZFP	1.0	0.822512560839885
AO25I4YCB4HJ5	1.0	0.8583690874200541
AO2AQRPPSTABB	1.0	0.811892044317513
AO2C4ZH1WXN17	1.0	0.9411007272633923
AO2FZ2DWUOXV7	1.0	0.9025771047128162
AO2KRILY7ABEL	1.0	0.9503869144527725
AO3VO3TW1CCJP	1.0	0.8897822716193521
AO47GSGL30ZEK	1.0	0.9802337895714041
AO4TSPOBZFKYA	1.0	0.8976629418997225
AO4WLAROM2JQI	1.0	0.7122238337654064
AO4Z9WB9JQ8X8	1.0	0.8903642921793288
AO5BFR033T6IR	1.0	0.9610898863116194
AO5QHABJ33C6P	1.0	0.8777953361713956
AO69DPVDI1DX7	1.0	0.9628744513214219
AO6I6D7MABZC0	1.0	0.9667334704862783
AO706Z80OA9K	1.0	0.891014911942759
AO7IDK5D75WO6	1.0	0.7155387553933187
AO836ZXSDDUBR	1.0	0.8557066638712498
AO9EP5MAYD75T	1.0	0.9575736050814422
AOAIPA2KZHAY1	1.0	0.7274992584262271
AOAQ2C4UWTZOI	1.0	0.8085977219413728
AOB3QE3UFDKOV	1.0	0.8157605134782052
AOB5C30NRJD6R	1.0	0.8183400840647133
AOD528T86MAT4	1.0	0.7700121636045641
AODK8PVDWAX17	1.0	0.9196473752128145
AODPUCXAQ1FHD	1.0	0.9398385629471099
AODT8DRASKF31	1.0	0.9683740633142466
AODZH4JVY5ALO	1.0	0.7413924406604816
AOEO65JUJV553	1.0	0.9660210158773239
AOF9PE0XHHJCU	1.0	0.8955495665613462
AOGCNP6XYIRCV	1.0	0.7956728915000653
AOGL9I7GEC179	1.0	0.8520241474968198
AOGTBU1H9K869	1.0	0.9006331699949173
AOGY7KM7019S3	1.0	0.943784562783374
AOH3RIOG74DJ6	1.0	0.9236315190368449
AOHG3Y00TGB7A	1.0	0.9319384400144523
AOIQXY51I12F1	1.0	0.9059663922361746
AOJFMFWJM4HO8	1.0	0.7457699845871849
AOJGM8A8TGIVS	1.0	0.8193920796558154
AOJHKGGSQPAYN	1.0	0.6816809954758606
AOJTT268M9FLP	1.0	0.8182263612569326
AOKIM55CWOUAY	1.0	0.40874539441273827
AOKITUE2V8AY9	1.0	0.9201269312246806
AOKJBN381S0B2	1.0	0.8424975274077051
AOKLLFUWRPBYX	1.0	0.8020090998036954
AOL4WEZ7AGHI8	1.0	0.8786979833748542
AOLCYAV27A4K3	1.0	0.9317375762483555
AOLDDV8Y96TSB	1.0	-0.1855402613437468
AOLI24WRMWVLL	1.0	0.9158895101635969
AOLXWTGF60RC	1.0	0.9004735076639252
AOM0RGS4N996Q	1.0	0.9010661242086742
AOMBISTIW8NT8	1.0	0.8459616283584205
AOMGS7KCVP9VI	1.0	0.943686074401746
AOMRMU6YR7GH2	1.0	0.6528703181236851
AONBBH2KZOSFK	1.0	0.8344342611782062
AOOGXPM9ITZAE	1.0	0.8500701484550465
AOOO689LRB613	1.0	0.7441965388028359
AOOXIDDDXNQJE	1.0	0.8112700694338424
AOPW3WCXZXDSG	1.0	0.9667334704862783
AOQ1ZQFYPFG6S	1.0	0.8767712486086993
AOR5WUU173WH0	1.0	0.8171864257887245
AOR7VND4GXUJ9	1.0	0.6747514272660363
AORCXT2CLTQFR	1.0	0.9448730827581622
AOROFT8YI4YYV	1.0	0.8510981329668915
AORSH1CU6IPHC	1.0	0.9249287690209826
AOS5QU6ESIVH7	1.0	0.9209298877177804
AOSKSOC4H4KGV	1.0	0.7291110061133095
AOSSCWQ3KZ8Z6	1.0	0.9140547839846094
AOTI3CIX0ORAW	1.0	0.8985588038073479
AOTT796BHCUJJ	1.0	0.9413382880673569
AOU7ZHBNRB7UK	1.0	0.94921974392784
AOUV9I3R3GR6V	1.0	0.8469539852640263
AOUWP7R47978T	1.0	0.8555023995498947
AOUZ8QHHG29XV	1.0	0.8676714218853103
AOV66BASRUGZR	1.0	0.9555496790366337
AOVE04Z903K7	1.0	0.7871393280588111
AOVSEHSXJA0BJ	1.0	0.8316400093326147
AOWFKM8B8S7Z8	1.0	0.7790475845635978
AOWNJXQJ8LZT2	1.0	0.5107655939141503
AOWZ87AGIR2VU	1.0	0.9352990408753664
AOXFC313PVWUR	1.0	0.9560428250556863
AOXLW6CKH1R5G	1.0	0.8050958339593647
AOYBZI9248RXA	1.0	0.8181508640569176
AOYESWA84SRBC	1.0	-0.1765713974643124
AOZ2VQNC5YOBD	1.0	0.9725814826155506
AOZCT7C19SKVK	1.0	0.8493799544756007
AOZCXHUOIBLE3	1.0	0.8365285352069152
AOZYVALWGGOMO	1.0	0.49546900142127753
AP0DLD5SJHOTD	1.0	0.8047402617744407
AP0MPQ73GZ68X	1.0	0.9616214571710592
AP0NLKGV34CEL	1.0	0.9537288714544975
AP1EUE11NVRLO	1.0	0.9611396355725909
AP2F177DOPTR3	1.0	0.8573057843495112
AP2OHML5DRPVC	1.0	0.568299019930088
AP3ESH7BJM3DE	1.0	0.8591894548073544
AP3TLU03FRVBL	1.0	0.9604675791428081
AP52C0DNAAEGT	1.0	0.7563953786443685
AP5BYUPZYX8Q2	1.0	0.8124583678127385
AP5D5MLKQS69U	1.0	0.858136943296645
AP5FHNQPYSRQ	1.0	0.9357927872900316
AP5HJ06S8JOBD	1.0	0.9419095568209901
AP5LLEZVWV95P	1.0	0.88579797404903
AP5PT3HUFL4NA	1.0	-0.1814727878894702
AP5UOQ1F010V1	1.0	0.9025929816040871
AP6DN4SV7ZT1B	1.0	0.9520068796102771
AP6W11A3IOFS7	1.0	0.8848643715131776
AP9EU0CF0BBK3	1.0	0.9347554402729324
AP9ZYXMUT6Z20	1.0	0.9697864206800508
APAAA93GPS2DE	1.0	0.9624442001856678
APANKO5VLZH45	1.0	0.7164004836550008
APB81XBBWLJ5V	1.0	0.9390034393093041
APBMLKG1UM5AX	1.0	0.884324842693673
APC4JUYCXC7XG	1.0	0.8697322311790626
APCCTXRED6ALG	1.0	-0.18668739212062813
APCK3XVR8EIL9	1.0	0.9288416424570547
APCN1K17GJ4SU	1.0	0.9256509320180901
APCVJBKWRRATV	1.0	0.759987552817904
APD1ECHQTK4HA	1.0	0.8008785455184957
APDEN86B0E7DQ	1.0	0.5216077306433231
APDQ160I8K9ZY	1.0	0.8594213736235091
APEJQN8RQAE08	1.0	0.576850893078763
APFF8MF66897G	1.0	0.8458773529888802
APFPBV1WMGQEI	1.0	0.7401267323854102
APFT03Z2TSF9V	1.0	0.7933535855367724
APGDVSZ243MZY	1.0	0.9165834546952065
APGJXTZVV4JXN	1.0	0.9082053840119013
APGLWENL1CH7U	1.0	0.7986952838961753
APH04ED6KOVM1	1.0	0.673698837886686
APH8DPK6LWHNW	1.0	0.8177813270859144
APHCSLCU3EK5Z	1.0	0.8770526147637349
APHEX2PC3SRR9	1.0	0.25835729662896284
APHF56I73WJXH	1.0	0.8916169776563649
APHHU1E75Q5SR	1.0	0.9507230952605007
API0CUOCEKW3B	1.0	0.8730046452560201
APIGH8OMRWJW4	1.0	0.9229957927444468
APIQWO8MCN4K4	1.0	0.9196503752233377
APJ9U5TQU4QKD	1.0	0.8225693727865943
APJIFWEQG7P9R	1.0	0.9121793309511478
APJU16D7JTY29	1.0	0.9511422805632447
APKQR89QEL8MK	1.0	0.9191458989223072
APLENAG5MVPNB	1.0	0.8863459882087393
APLJ477673XLU	1.0	0.9159840732136081
APLLFL44QXPVN	1.0	0.9911288578081063
APN4WNM9CPNYB	1.0	0.5828873537192131
APNZQC57RFEPX	1.0	0.9334238300175838
APO0YXY7G51F0	1.0	0.8701862003468804
APO91TQ34RTU1	1.0	0.49744154514569794
APOGX12RV3B3W	1.0	0.9054060199544331
APOGXH3A74CM3	1.0	0.8537278466153231
APOHQT7Z69GS2	1.0	0.5471110186968877
APPEW1ZVI82EE	1.0	0.8344622330934239
APPEY6CPIXUF0	1.0	0.9323045307013215
APPKVFG1U0FP2	1.0	0.8378838469626483
APPO7HVABOXWP	1.0	0.6137452648302704
APPV1ZDETO7B	1.0	0.724276320338017
APQH88X7RT7WT	1.0	0.8837926197163442
APQVUBIIPC59W	1.0	0.8912417652138075
APRC69FL4P57L	1.0	0.9014859318812941
APRELW22FOHMC	1.0	-0.18885323855810796
APRHZYE8U0IGM	1.0	0.9459717071105032
APS18PNFSYKS0	1.0	0.7512644900025489
APS3Z91GWNZYQ	1.0	0.8473804720002867
APS61VDDUPC5Z	1.0	0.7283517211865602
APS9S7SXYS865	1.0	0.9485421836900405
APSFVCCFBVZ41	1.0	0.9361685272288633
APSS3NMLIF7N7	1.0	0.8673895867260917
APT1CV7TMD2TU	1.0	0.9570643968338566
APTG60PI6GNCE	1.0	0.9276892620231562
APTPFLKQSGHFX	1.0	0.5040563041814767
APUE13MSJ328S	1.0	0.9049836712832245
APUHN6MW2FEWW	1.0	0.9500082837115609
APUPEXR558IZ5	1.0	0.7983238368271065
APV6BYU7QFJU7	1.0	0.7984191247265041
APVJ3TANQX8FU	1.0	0.8029251768494661
APVK1HQPT8C3R	1.0	0.923740289002197
APVQY5E1BUEKA	1.0	0.9125314181399923
APWMMDOLUOO8W	1.0	0.8149545020023812
APWQMBALI89NP	1.0	0.9126738175223197
APXQ72BDX4Y8J	1.0	0.9701395100215018
APYJSC55SGR7S	1.0	0.9802337895714041
APYTK9THHJING	1.0	0.9662081468600526
APZ6UHI5TTON9	1.0	0.7007102398473022
APZE2MR4TQALX	1.0	0.8710753292151094
APZSWNPMVSZ84	1.0	0.9008657467183642
AQ0EEGQSYV8CK	1.0	0.9802337895714041
AQ0H03886BTDP	1.0	0.8562338724456524
AQ0HAP1LFOH4F	1.0	0.9072991325531329
AQ0IDP2M59KAW	1.0	0.9650140257138704
AQ0SOAVPEB9C1	1.0	0.9604675791428081
AQ105QY4LT0YY	1.0	0.8548621298650613
AQ1YGMVEZHZ25	1.0	0.9797454123449415
AQ2C59OA4D5PM	1.0	0.4569355520856784
AQ2FC1DLKVD8H	1.0	0.9487024628895484
AQ2YLCY8UABHS	1.0	0.9258321754413886
AQ3913DTY3TC3	1.0	0.8799062119438472
AQ39ZRPB3DTDC	1.0	0.6936896521009109
AQ4B80F0JSBNI	1.0	0.973783191415522
AQ4F1Z8KMD3AI	1.0	0.7905204537825091
AQ5HE659EQYL6	1.0	0.9059663922361746
AQ5Q9GSD3W11N	1.0	0.9005803434556893
AQ5QD6G1KBS06	1.0	0.4644566693396223
AQ6AGWKWMTY8H	1.0	0.7999048871736818
AQ75S7221N12Z	1.0	0.6304717198079256
AQ75XUBQOCA67	1.0	0.9718664558527343
AQ7RLNRNR9Y88	1.0	0.6209246938274939
AQ81L25HHHB18	1.0	0.9439487544802145
AQ8ANW056XQ7E	1.0	0.837614686492343
AQ8BBS3W67UQ3	1.0	0.853890080669282
AQ8OSLGYZQOOR	1.0	0.9689672677995895
AQ9O7950X4JZ7	1.0	0.9179645572069196
AQ9XDYG0LKB3	1.0	0.976986726168587
AQAC82C5NEEJN	1.0	0.8852335306699655
AQAHSP72FU8VE	1.0	0.8838504603231073
AQAJWG4JA6L0A	1.0	0.9661838172380548
AQAUERKQ3WEEG	1.0	0.9303061087069661
AQBAWICACVISK	1.0	0.9223588515377676
AQCZSZ6MFUUTU	1.0	0.9583016626886143
AQDTB2LV1R2S4	1.0	0.9397328323160268
AQEJ09W7BUX3S	1.0	0.6107841808296244
AQF3517MZK1OP	1.0	0.8798419803815366
AQFNNSLONU6US	1.0	0.45660594562415463
AQFO8JP0OAL03	1.0	0.6878077253929725
AQFW7GDBQ0DPE	1.0	0.8618232692849529
AQG58UVSDEBWI	1.0	0.8275464734999937
AQGDLRTYIRX39	1.0	0.8892063979515166
AQGR97IUUFNC8	1.0	0.7051773778165263
AQGSUW7AZHQ51	1.0	0.6887302494862421
AQGWBYTCWNIV8	1.0	0.7323561068445434
AQHG2Z5EAKI77	1.0	0.9424101008260203
AQHIGY8VGTNCM	1.0	0.9802337895714041
AQHUXF3SIU23B	1.0	0.8637964834115618
AQHVR2V3YA1MM	1.0	0.8856916751766901
AQHY3KLX63MKJ	1.0	0.8916101818223403
AQIPVO9VDO82O	1.0	0.6689094547373108
AQJ4PMTFGC1D	1.0	0.794285354613295
AQJQXK1X2T2NG	1.0	0.859659905956969
AQK8OQ0PMQG5L	1.0	0.6732236476421595
AQKNTV2Y01S8P	1.0	0.9503951785171759
AQL13WF76ZQQJ	1.0	0.9556982799158323
AQLKBEVHUQ0JK	1.0	0.8246375774716118
AQLLYDJGKJ5U5	1.0	0.8583089203669882
AQMGZH232OM9I	1.0	0.8785649106342589
AQNUFDF2Q30DN	1.0	0.6757253179106941
AQNZKJN16R9V4	1.0	0.9493453219553668
AQNZTE5OEN8P4	1.0	0.6594146843000919
AQO1MA55DOPS6	1.0	0.9100796871911789
AQO3HC1KJVU4V	1.0	0.8871283362356482
AQO5XQGZWYKVG	1.0	0.9032874839057268
AQOC7SD115HX1	1.0	0.9180031835934008
AQOHS2AGQCJK9	1.0	0.8174321202445775
AQOT7HK9OWVV	1.0	0.7319323355541328
AQOTLVP2V5W65	1.0	0.7315648894655676
AQP1VPK16SVWM	1.0	0.8884781847189673
AQQI92H5SN380	1.0	0.8547593367674823
AQR4NNBP4N63E	1.0	0.9038485830000573
AQR5ZB4BIJFLT	1.0	0.9167246672478058
AQRF2Z8BEWLQ9	1.0	0.49937267992933515
AQRRBGM8PFKAN	1.0	0.9362257604300546
AQRTJPV5WA8HQ	1.0	0.7809143446028898
AQRTMKGT0BCT0	1.0	0.9740506128671013
AQRVHSZDGCJFZ	1.0	0.8982040162927311
AQSRGXTSUPEJT	1.0	0.78583698887618
AQSZZF2R0WAEC	1.0	0.9534381763537076
AQT5XA8P282J0	1.0	0.5771052776750576
AQTBXG1R8CVO5	1.0	-0.17780544098876835
AQTMJRZ69J75B	1.0	0.8551016088163731
AQU2JZ31MEXFI	1.0	0.923608326494718
AQUDR60A6JKQA	1.0	0.9618680099687185
AQV142R2H69QK	1.0	0.9159283804991565
AQW18AKL89JEH	1.0	0.7346417119663835
AQW51YNDPNAA0	1.0	0.7958793541652074
AQWZAVC7WI6KG	1.0	0.7656371013024484
AQX8EAUPJAIKO	1.0	0.9467698531747816
AQXE9AU1UZCUY	1.0	0.9726803947414168
AQXKNBI0RMS8R	1.0	0.8408545582734522
AQXLY5Q4196CP	1.0	0.9122532361015183
AQXONP44SBNOR	1.0	0.7083079569348723
AQXT1UD6U6QCG	1.0	0.9391497911959442
AQXUO3MZOEV0G	1.0	0.8879270833503439
AQXUOTCRSGFH8	1.0	0.8125593112501586
AQYKAM1XQ9779	1.0	0.9051434588380189
AQYZYXYDCQPHK	1.0	0.6151054781911505
AQZH7YTWQPOBE	1.0	0.9861636526999829
AR01QIDZCA0NO	1.0	0.6341899847577922
AR0AT8GFOCVGT	1.0	0.2411345681688425
AR0SI5JIUGMMW	1.0	0.6158916234887089
AR0YZP114QTKN	1.0	0.9500202102514549
AR0Z7YVPL7DU6	1.0	0.6860151721577337
AR25HZ3SRSI4C	1.0	0.892347973504786
AR2T18R3NNUT9	1.0	0.9508290710097893
AR34O7DBW3TBB	1.0	0.9627808020843247
AR3KCDHPWZJUV	1.0	0.9407013687142123
AR3KKJYN8ZHQJ	1.0	0.5966104792705069
AR3N1VLW722V9	1.0	0.7820544830826449
AR3OJJ9LVGSPP	1.0	0.6933349265313703
AR3XB1V07RPB6	1.0	0.976986726168587
AR4J7BNGABS1E	1.0	0.8581537136925212
AR4RR42GOXOL7	1.0	0.8749049880658428
AR4ST3VFLIR8Y	1.0	0.795719531246974
AR4UFLL7PKBWO	1.0	0.9281447698048683
AR50FUOZWEVOY	1.0	0.753103851256371
AR5BEUDKUKX9I	1.0	0.5860929109819524
AR5VUOE6SSOI6	1.0	0.8325144199313373
AR65NXO4GIA9H	1.0	0.9075600683810425
AR65P1TU91HA8	1.0	0.6868452788893991
AR7QOCLIRJ9X0	1.0	0.867999460927772
AR7SQBKZ1GJDR	1.0	0.901523654204594
AR7UWVW58B46H	1.0	0.9140994298157685
AR8AC8KLBQJVT	1.0	0.854034790941998
AR8G6QJ6QD9PQ	1.0	0.7912838059902924
AR8KMPI6FNQD7	1.0	0.9683740633142466
AR8O7SVSEUI9Z	1.0	0.8211388181575361
AR8R93RI2DPSQ	1.0	0.975512859900546
AR9O3EH4RDSJN	1.0	0.680255637705631
AR9W3WU47YQUU	1.0	0.8383425364874497
ARABEC2INCOWV	1.0	0.9661873174887136
ARAV6CLHZZELJ	1.0	0.8693817074293646
ARB8UQN1SHW5V	1.0	0.9316663571886632
ARBJN3CA3H34Q	1.0	0.9397366027505036
ARBKYIVNYWK3C	1.0	0.9674094052937913
ARBORBMTIOJD2	1.0	0.8839128751984751
ARBXCYISIADJL	1.0	0.9589854241532091
ARC0TP3JKUPN6	1.0	0.7166068217882774
ARC29J2BDBVCS	1.0	0.7301079824468892
ARC8TI9RII9EA	1.0	0.6255279887275714
ARCHUPU7ACYEX	1.0	0.766320505902334
ARD7SI21SHWUJ	1.0	0.96133282968887
ARDNTJLKLIULD	1.0	0.8943700418724755
ARE304Q8H2IM0	1.0	0.944938440811625
AREV50R8CQRPS	1.0	0.9119794491512838
AREXHZ1N94601	1.0	0.8822528244776076
ARFRKSZXZF0PS	1.0	0.9081332215027448
ARHICCDD1N5I1	1.0	-0.18720226216730332
ARHWO52GZUYMO	1.0	0.9881402737428424
ARIFBHZ4F4MKJ	1.0	0.8953621805472917
ARIL1UZV3KBS9	1.0	0.8654876859933683
ARIVO46LV9N48	1.0	0.9072407259914459
ARIXGO75TOE4K	1.0	0.7668357508960397
ARJ2LW12Z9FLD	1.0	0.8799211207328628
ARJQ9YMMJIW8Y	1.0	0.9595029211223529
ARJQIW8OXI9N4	1.0	0.7692135317871786
ARJT7QGL9IVDP	1.0	0.8227076289341908
ARK8XSZC0BWHC	1.0	0.776962940238847
ARKTOWXV7NRYR	1.0	0.9244120905517047
ARKZZXSVSQOO5	1.0	0.5540151853560346
ARL6X85H4EU9B	1.0	0.9392756586457034
ARLB196GJEJLF	1.0	0.9123055522572167
ARM48IDXTQK85	1.0	0.8649135606241587
ARMT7L6NYJ0XR	1.0	0.6865028812369798
ARNWCQZHZWKW8	1.0	0.9750489037941649
ARNZLFC1W6JXU	1.0	0.8438286376590617
AROBLPGK3SR5P	1.0	0.9094182268563373
ARPI18O5LPH3T	1.0	0.947919050998554
ARQ2J7D4DZTRL	1.0	0.8647748265279396
ARQIO8JW3IGHL	1.0	0.03878858248678914
ARQQ97F68VTO6	1.0	0.8540270940040287
ARR0WLFQKAHYD	1.0	0.6676112866403526
ARR7C3QSNXJ5F	1.0	0.9324677042248783
ARR9EYJI6NS0S	1.0	0.8945446092520251
ARRCM1K4BKU1S	1.0	0.8255840922793994
ARRD54712WY53	1.0	0.9190167235335607
ARROEKN0BANX4	1.0	0.7006118629589899
ARS0J9YFZ71P6	1.0	0.9697744941401568
ARS6FHFRNAUL9	1.0	0.5365210871440311
ARSDG7IA1RQQI	1.0	0.854376716539323
ARTDFXKS45H3	1.0	0.9585041408487781
ARTEP8UTYX17C	1.0	0.5939116547048762
ARU6OXUO2NKY3	1.0	0.9636531336433884
ARUKNNAOB3ODQ	1.0	0.634063835526999
ARUQJLJBXS88	1.0	0.9579266944228932
ARV8BPJX6OZVB	1.0	0.9548737442291206
ARVIHWGMJ6IER	1.0	0.8853733212981277
ARVQBHX8C5714	1.0	0.8678810607407179
ARVW5GNMO9QU7	1.0	0.9154231783927825
ARWGJ3IV883CU	1.0	0.9227247806534935
ARWSXT36AAEUJ	1.0	0.9231551085534662
ARX0KOX5Q01BJ	1.0	0.7462238611939761
ARX8S89SX7FQ9	1.0	0.7534967564735437
ARXE433K93NH	1.0	0.692969570990272
ARXLJKKEGBV4B	1.0	0.7434164061665643
ARXN3L3QG4S0A	1.0	0.7113001597571249
ARYKNMYUIQ7H2	1.0	0.94750677863589
ARYVQL4N737A1	1.0	0.8947852177783736
ARZ0NU0B17ICJ	1.0	0.9610794701849976
ARZFEFD2ZCMIQ	1.0	0.7232730539996571
AS02LU5CR8VJP	1.0	0.8822805463884239
AS04HHQ4M3IG6	1.0	0.9768306072624524
AS0CCKP5ZB0M6	1.0	0.7986760070030422
AS0E6PGMNN680	1.0	0.9333415391893949
AS0GSZJT9QA44	1.0	0.9650140257138704
AS0LVTBJSRVYR	1.0	0.8988681150919803
AS10CZKIHPK00	1.0	0.6079365463284946
AS1LLBBKC4OL5	1.0	0.8681656748674377
AS1ZAT6MFXE94	1.0	0.9233371794024978
AS2OJAY91CQHY	1.0	0.9752922369642552
AS2TA2AEFBMJM	1.0	0.9383312042837638
AS34283W45T25	1.0	0.804361077210346
AS39I0U3V2VNY	1.0	0.4081587914397076
AS3C0PO0L0PPJ	1.0	0.8749812662988796
AS3CYB4PJBQ83	1.0	0.6202969525011535
AS3CZT0FFEWZW	1.0	0.8425128917306385
AS3HWIU95DM6N	1.0	0.9713626473795104
AS3WZZU6JUAJ6	1.0	0.953183402140181
AS425CD00JTH7	1.0	0.6355969139881134
AS4LOWLHOJOIA	1.0	0.9792691315509487
AS4XWG71KNUE3	1.0	0.9054060199544331
AS5PMNWIXGM6O	1.0	0.7864117593857894
AS6BAOTRYNEKS	1.0	0.6018886763082473
AS6GFZVMFMQE3	1.0	0.9511881803638981
AS77LYI1LPQE6	1.0	0.9807838493481716
AS7BAIZ5KOHA4	1.0	0.9773019040017269
AS7DQXHE803PF	1.0	0.1360530914509691
AS80QORCQRPN5	1.0	0.8604252971645544
AS83D4JXLKMN1	1.0	0.6478405083963454
AS84T35IWA2RW	1.0	0.8903304889933665
AS988I4AC6ZKA	1.0	0.6655167779074194
ASABX35QYUEZL	1.0	0.7784724428048764
ASAH9X7P44GIU	1.0	0.5883084672320966
ASAHF5GD4652Q	1.0	0.9093592620401524
ASAYMR93YHZG5	1.0	0.9325556539246719
ASB150NVVBO2A	1.0	0.7425628413482095
ASB9TU1UI2ZZE	1.0	0.9349134205914802
ASBJX8A2X1ZVP	1.0	0.7006889215321163
ASCNBBI9K10V1	1.0	0.6176947061940227
ASCOWU6S1BL95	1.0	0.6779955872254416
ASCS6MNT06EG3	1.0	0.4609079147061277
ASCSDDBDVZLWK	1.0	0.9454786902379929
ASCXAZ34NLSCP	1.0	0.9653634826247037
ASDGJQJ30X20H	1.0	0.9170174144466593
ASDPTCEGEINUZ	1.0	0.6133800376562848
ASDR27Y4CD8WE	1.0	0.8915707440318223
ASDVBBX1I0EQH	1.0	0.8191408727515133
ASEH02I5697XU	1.0	0.9448962147365191
ASEN33NSCGD9L	1.0	0.9120403635927482
ASF3J6HQE5QTE	1.0	0.8261240712878406
ASF8N1TVFCIOA	1.0	0.8793239683801427
ASF9G05OT2B6D	1.0	0.8331807490033049
ASFFM5IKJFUIM	1.0	0.9445841070051548
ASFQBB524HVRJ	1.0	0.8389685601668336
ASFXD8YLO67KW	1.0	0.8543669621815349
ASFYB19KUT2B4	1.0	0.886130282478432
ASGE67XYN2EKZ	1.0	0.6742647149642309
ASGHBEMGR6SXY	1.0	0.7494549497396016
ASHLINSRL21GS	1.0	0.8917793839129154
ASICV7FHJFLZR	1.0	0.8153194190663121
ASIQE7YQGQ09Q	1.0	0.8206569440560443
ASIRGDJLW871F	1.0	0.5926379233654173
ASJ6PQGSPRUF7	1.0	0.9625861151915145
ASJI0CJJYJN38	1.0	0.9532331514011525
ASK93R0CW4C2O	1.0	0.9461701342584513
ASL61YP0GQGBB	1.0	0.9032056039279518
ASMBYX11IUPJR	1.0	0.9325139362779673
ASMF02QC2PSRV	1.0	0.5256456332816661
ASMYF8O10NXLF	1.0	0.9733865734243189
ASNJJCWIN3C2N	1.0	0.6401974419164913
ASNLGEM2U5V7Y	1.0	0.9327102928854458
ASNWZ8VSWIRDK	1.0	0.8530756821925991
ASOBYRIEGB3ED	1.0	0.7501771032796952
ASP7N59L4E90M	1.0	0.9762805474856849
ASP8ZHQ41Y33P	1.0	0.9596865248721707
ASPVA6IY47TAQ	1.0	0.9583924543065334
ASQ26HZA431ER	1.0	0.8550883458642198
ASQCA4IWO4WN0	1.0	0.8541932472461888
ASQLRNCFXUPS8	1.0	0.7642739039656071
ASQR09MH4GB1C	1.0	0.5821202543141561
ASRI9RMATQEH6	1.0	0.9658212520544376
ASROSNZ1W4VXK	1.0	0.6976868369661136
ASRZFYILBOFX6	1.0	0.9300654245414336
ASS06R8I70EAS	1.0	0.9418091682258594
ASSE1XK3HZKQQ	1.0	0.7864426038762339
ASSF6A2YB0QI3	1.0	0.6352903727560224
ASSFATPZCV08E	1.0	0.9217687956870894
ASSJWXLNP773X	1.0	0.9508080919927209
ASST4CB0VVZB9	1.0	0.43060804436779465
ASSWT4UTJDQH6	1.0	0.8772947335336533
AST761ZN9MH3R	1.0	0.8647564862437551
ASTCSD5BDJ0N9	1.0	0.9251068723295662
ASU3NPI7FLQBA	1.0	0.8379150441779906
ASUA1W9IQR60G	1.0	0.4737584682726707
ASUDG3BDP87CI	1.0	0.8950651272705231
ASUFZ7OCKDM4H	1.0	0.3642489703991069
ASVNSWIXBV72Q	1.0	0.9248171539158477
ASVUBBULJUZ63	1.0	0.6876938752281845
ASVUX1GGBCCQ	1.0	0.799672457341248
ASWMIP6F4ICCF	1.0	0.2808327064702694
ASY0BPK2IX62F	1.0	0.9841870316571233
ASZEES473F8XF	1.0	0.9792691315509487
ASZYG2JIX156M	1.0	0.9397345533673231
AT0IUFVPFJOUW	1.0	0.9088941039711117
AT0K5OWO5AO8X	1.0	0.8603442377012109
AT0LLOZF51BEQ	1.0	0.9363435124774931
AT0QIW0KNYT7O	1.0	0.7426844609256953
AT1BY9S4DM71R	1.0	0.8022247277286662
AT1N8O0QUM5NR	1.0	0.7835035212922355
AT1OCP18O565N	1.0	0.8685211893889544
AT24HGMU7AILL	1.0	0.956514337057089
AT2NMYYV95TIM	1.0	0.9096511132277911
AT2VHV3F5PEE8	1.0	0.8393576882614051
AT38DS3CU7I1P	1.0	0.9772754493815294
AT3E8TCPDJ9H2	1.0	0.9304950365756409
AT3IORRB8DY7O	1.0	0.7804385483142552
AT5LT6B7413O6	1.0	0.9199683429387273
AT5NNIH388YBV	1.0	0.9229844350045652
AT5T5DI0HNQNG	1.0	0.9525610949713698
AT63QQ7M0MPRH	1.0	0.9119794491512838
AT67RPMNGU669	1.0	0.947329080887972
AT6PO2NGDHHFT	1.0	0.8502487663851076
AT72NRYCV9CDR	1.0	0.8534276548352198
AT78W54PW831F	1.0	0.6724328581103632
AT7UTUQ2ECSOB	1.0	0.8687046248117598
AT8S2OOTQS8NK	1.0	0.897393556449616
AT8SRH0J8RXBG	1.0	0.9822104106142637
AT8T1Y5D2SLSV	1.0	0.9340186666271528
AT94BH5KB83AS	1.0	0.9210774550806854
AT9RF77HMGZDS	1.0	0.8784467912478942
ATAD6W32G4MGF	1.0	0.8738895813863817
ATB7JZEX7L22E	1.0	0.9169128629159061
ATBO0CSYJ1UK8	1.0	0.9176214168277975
ATC8BU9SZ0OVI	1.0	0.7825173567338025
ATC9XVIZY0DL2	1.0	0.8614014045394992
ATD3BPLM8BYFM	1.0	0.9555260265356592
ATDC0FYLZ07T1	1.0	0.9491116124271004
ATDQ43I4I9EDI	1.0	0.8889532990322586
ATDU4R7S181BI	1.0	0.9701613889457719
ATET38O5I1W1O	1.0	0.9783044735304934
ATF3R3ACPWKB	1.0	0.9680741362772268
ATFCYBLE6TSTC	1.0	0.585530065948092
ATFLVVU3EFTOM	1.0	0.9762805474856849
ATFOOAPB3BN1S	1.0	0.9249213646709633
ATIDIWJFL41W7	1.0	0.742395904552662
ATIMW8SYGAASW	1.0	0.8747591262164769
ATIUAVW5MTKPV	1.0	0.6072190653497296
ATIUZXKOPTEIC	1.0	0.8569123638760489
ATJEAIBDZAYXJ	1.0	0.9116098597060528
ATJGUUT6HNGFL	1.0	0.8087040546252975
ATJSW3MI8ALG5	1.0	0.948229262062982
ATJV21G2AHB72	1.0	0.3339479014843925
ATJXPN6W23ED0	1.0	0.943259482533499
ATK2QK1E4GQX9	1.0	0.9665393572772337
ATK5JQVVUGX68	1.0	0.7360788802957932
ATKBMVKULDFTB	1.0	0.9809399682543062
ATKD2L0JGCILZ	1.0	0.8679523027972592
ATKFSP54JDDEO	1.0	0.9304852697957576
ATKLKF4SZCZUO	1.0	0.5049295608711036
ATL39QE6T7FLF	1.0	0.9123041312376147
ATLLX1KJN2XPV	1.0	0.41559979121021695
ATLUFKAGX7GR7	1.0	0.9549789618868113
ATLZNVLYKP9AZ	1.0	0.9629514499926377
ATMDDH5RGXUGT	1.0	0.9314438318098832
ATN3YQYG9V9EN	1.0	0.7723510919945669
ATNIBLIC2BYHR	1.0	0.9802337895714041
ATNM9FCY8R05J	1.0	0.9650140257138704
ATO9DDJUGNWVD	1.0	0.606685944263025
ATODW97AR8B25	1.0	0.9373816714974247
ATOJS1GPVY5AB	1.0	0.8814733761160493
ATPYE44KK7O0Q	1.0	0.9029716114419615
ATQ0ISIPEUCLD	1.0	0.6253857911574664
ATQEQ2MEJQAKY	1.0	0.8945525793743597
ATQGKV88QUKU6	1.0	0.7853524913614363
ATQLQGQMPVHB7	1.0	0.7462535795807108
ATSFTLSI1YC34	1.0	0.8423664173552561
ATSQG19Y2P9BA	1.0	0.9650327122707167
ATSQZT9VEHP5U	1.0	0.8858854421788372
ATSV2Y8XWB67G	1.0	0.9083799918353636
ATTG2MNUJWR2O	1.0	0.727303670214457
ATTK52PXIJNJ2	1.0	-0.1824088364142412
ATULSPPAU8X15	1.0	0.9056739084585815
ATUQ652LN6PER	1.0	0.6861550207618387
ATVJGIZULVMJ2	1.0	0.7857098872727145
ATW8ZXHRWM8CF	1.0	0.8365592621880912
ATWAETVUCWZ5T	1.0	0.9841870316571233
ATWLQB27MLL84	1.0	0.931054788509659
ATWTMAWSZXM79	1.0	0.7795154071701527
ATYH54N3R2OGD	1.0	0.9419025517444122
ATYRLP78UDQUT	1.0	0.6254326996155173
ATYVLFQUOSEI2	1.0	0.9376900519098204
ATYW1MDY9TPNJ	1.0	0.9061434573362432
ATYYLHCE5JCY7	1.0	0.7672368293286623
ATZ2QEHHG0XT5	1.0	0.8580210270363986
ATZAA71HTLZS2	1.0	0.857559866507247
ATZHVDZN260E	1.0	0.8723847401362077
ATZJVQ1U5L3Q7	1.0	0.9258687889339382
ATZUAI6RKV80H	1.0	0.9733222072958103
ATZWCUGUT4NF0	1.0	0.9138432898303117
AU07J6EENWNF0	1.0	0.7751886609128017
AU0NQ303KGLF1	1.0	0.9466312318427911
AU0ZQ0JZZ4TT3	1.0	0.9409851987259058
AU13B11E0MO9C	1.0	0.833254119216078
AU1QP9V50581S	1.0	0.8955159976561696
AU2E8485QH084	1.0	0.9119862564428485
AU2PJKOAH4HS8	1.0	0.9587795156982497
AU2Q8G1UE2HGO	1.0	0.9539615257972801
AU2UEKZ20WF0X	1.0	0.8705024391087658
AU2VS1EDM4SY0	1.0	0.9227378218705574
AU373JJVPGRD7	1.0	0.8620642179335278
AU4ED72NQTWNE	1.0	0.9315101014804952
AU4ERHWLPSS82	1.0	0.8669574184402763
AU55T41Z2UZ94	1.0	0.9455151130714399
AU5J9XFAN2XGX	1.0	0.9399259307015526
AU6I3VS7VQLDM	1.0	0.8869369120440787
AU729IPHFD85E	1.0	0.9794137799993028
AU7K2QVWDSTJE	1.0	0.5865880355949563
AU7OPKIHU15WX	1.0	0.33485355561576813
AU7YD9TS6LUU4	1.0	0.9367810909281208
AU83NB10Y4AGL	1.0	0.6718413784169023
AU87HU0PO4ETU	1.0	0.9612253408720681
AU8AC43PV0LXQ	1.0	0.5071507213581951
AU8KSRTU6N1C	1.0	0.7834907893332557
AU9CH70VZKLE7	1.0	0.8537300428283902
AU9GIHS65CSWP	1.0	0.9514087145374712
AU9TV06LZ8T0U	1.0	0.9500978075883297
AUAMIOM65QK7Z	1.0	0.9398313206976547
AUAXS5UA4Q1GV	1.0	0.6205211279592528
AUB4UHUTZNBF9	1.0	0.9213499213205614
AUBEO6HQL0W8E	1.0	0.9729205098853088
AUBHXVM5W0TOK	1.0	0.9295917714240394
AUBR41JRRG3M9	1.0	0.9487970728934463
AUC3XY9MYACE4	1.0	0.9348176698702554
AUCZN775ACG7V	1.0	0.79509249623396
AUDC9TMYV56W7	1.0	0.9366243612329717
AUDIKDYOX4D3H	1.0	0.8564886565021247
AUDKWO6JQLIBJ	1.0	0.9178320032490802
AUDSM2CTLLW1Q	1.0	0.8209830943215812
AUDX69YGA9BA7	1.0	0.7938969644884967
AUE76YVSZ0D0H	1.0	0.9393014223747195
AUEIKDDRA2VAV	1.0	0.5727904274183413
AUFFI151JVH33	1.0	0.8536203151494219
AUFJRMYL1K9OZ	1.0	0.8096011628596769
AUFK91BBWY0MC	1.0	0.6714286242399271
AUFSX092UGDUR	1.0	0.83865154686447
AUFW0LEC5N4CS	1.0	0.90434675193008
AUFZE5C0GX6XL	1.0	0.9390003862735838
AUG4R0VSF855T	1.0	0.7212835982963792
AUGI2SEG0CQSG	1.0	0.820817759796834
AUGIP6NWVR2PS	1.0	0.8761798877286664
AUGLT2E8VUVGM	1.0	0.6969390641943835
AUH5N8V1XHXC2	1.0	0.8611512189480268
AUHB22QP2VZM8	1.0	0.9276712973859332
AUHGZZWYUREM0	1.0	0.9486236936649475
AUHTKUOOHG7S3	1.0	0.850152377204051
AUHZ4CZUOSJVT	1.0	0.7936584829274372
AUI8HP9HVPRTM	1.0	0.9213771528205027
AUJDG5M33SWMA	1.0	0.8851861853257359
AUJQGS8PQ20QH	1.0	0.985640023916261
AUKAJ83R5MY8V	1.0	0.8872038727373305
AUKM49VDT333E	1.0	0.5097067249776851
AUL0KTB72SN5H	1.0	0.94073433301384
AULDRLFIRJK3B	1.0	0.9290308624648503
AUM0F0PNAZWAF	1.0	0.8127050425053339
AUM2XYYFIA80G	1.0	0.8693456031318022
AUM4MGFN8HFK1	1.0	0.8430464793955474
AUMUG4SR9DEF	1.0	0.9135258339708577
AUMW1YI48VR3F	1.0	0.8857100803292661
AUN08SR1LN0K1	1.0	0.8239909425670663
AUNCDQ4IIY80O	1.0	0.9543484206028952
AUNDAXBJT0PAY	1.0	0.9329863712136072
AUNQLSRV0C23Q	1.0	0.976986726168587
AUNTP49HBIDWR	1.0	0.7455545465832613
AUO73DUGWTA5C	1.0	0.8501069762344854
AUOBRVXJH4OX8	1.0	0.9633684041599854
AUOCNNKMVP2R8	1.0	0.9261368884034844
AUOE61MDL5EUL	1.0	0.9044678293069485
AUP277OS7OCH4	1.0	0.7255415046493643
AUP4862C33820	1.0	0.8108959330489985
AUPV7ZVCA2XCV	1.0	0.8992649824902501
AUPZF5LJ4SXGL	1.0	0.7764534648394912
AUQ1XKCEHD7J8	1.0	0.7789484384093326
AUQ57MJBJND4J	1.0	0.8900931905817264
AUQJK3MHZ5WLH	1.0	0.9182490184027324
AURA1OVFAJNFE	1.0	0.9462376884552022
AURCMN8ARCWVD	1.0	0.804419128321536
AURMWKKEZ2YK1	1.0	0.9085015905721494
AURVGDEGP1DDH	1.0	0.9248084865921704
AUSZGFE2EA2G9	1.0	0.9841870316571233
AUTK0GR55R589	1.0	0.9444207806435698
AUU2OT4F5G5D	1.0	0.9070988109855992
AUU3MMZYBKQOO	1.0	0.9379020046567441
AUUPMWMIXDZ50	1.0	0.9277131151029441
AUV9AOOYPFRL7	1.0	0.8916073575243719
AUVZMHYYXFRNH	1.0	0.9632904355461714
AUW5YK7FSZ92U	1.0	0.8702326356233591
AUWIWBA9J3QBO	1.0	0.7456388404793874
AUWU2GNZON784	1.0	0.4376302898349351
AUWYFNDDKVHI5	1.0	0.7302843901891923
AUXI6VWUC69R7	1.0	0.947832414872991
AUXYVLRUCYHRP	1.0	0.6989101188690502
AUXZ9L6BHIRUF	1.0	0.8806058682014942
AUYFUEXOEA4MV	1.0	0.9187845797848382
AUYOQFDSW86H6	1.0	0.9449026611919431
AUYT4LZ8HNBXC	1.0	0.6575024525861669
AUZNJHEQ7LVK5	1.0	0.8293889664757129
AUZZWKUAK4R2V	1.0	0.9680490791362373
AV0HE5MNT8771	1.0	0.9307733711906993
AV0L71GSON8ZM	1.0	0.9080723256374906
AV0X262ZMA5MM	1.0	0.7577452270133845
AV1C7BE1AG99G	1.0	0.8000323180603556
AV1S53AGJEEF4	1.0	0.9668736042807451
AV1W891AFA5GT	1.0	0.9523207569032269
AV2EP05YEUNM3	1.0	0.5639889205821828
AV2FLVM0MAH18	1.0	0.5150227388116234
AV2M58Z631VQI	1.0	0.9162345309149573
AV2XC3YI9S7B2	1.0	0.9611270573077482
AV33FCIDH59N8	1.0	0.9012431436738773
AV39KQHE4W6ZC	1.0	0.34900342363747533
AV3IGKKFGYALC	1.0	0.8867740733207655
AV3N4YD8NXH9Z	1.0	0.8047024596790457
AV3RNXJZ3SBZ8	1.0	0.8204787549978786
AV3T65QZ5KQYL	1.0	0.8716666873205582
AV4JG3M796IXO	1.0	0.8587678257167015
AV4JNJANQ8ZAN	1.0	0.7996895738607777
AV538X4L4MJ38	1.0	0.8869390571694145
AV56ENZI887UR	1.0	0.9683740633142466
AV5CJ6TYSBNHV	1.0	0.9662081468600526
AV5G37VFE5NVD	1.0	0.8823927461230201
AV5TR9XGM81QJ	1.0	0.921311548717246
AV648VU7JR5D5	1.0	0.8860986421145046
AV6QU78OORX5T	1.0	0.947919050998554
AV7K6Q6BGI4RG	1.0	0.8364038376658084
AV8B61TOMF30X	1.0	0.9746399546577167
AV8C8AYMSVPD7	1.0	0.9100654407230544
AVA83LOJLF95M	1.0	0.8545923373379292
AVAB3BGI7240S	1.0	0.8826382325404053
AVAJJLZ2645P0	1.0	0.7419774085104939
AVAM7EAW0MDWM	1.0	0.8021967984248941
AVCOCH1TP8U61	1.0	0.9676063757291077
AVDQZPEXCB8X2	1.0	0.7800918278653253
AVEXQ8FL5XF4K	1.0	0.9023955045866103
AVEYBXD8UZ6S	1.0	0.8605179689496045
AVFMNO930HKJ5	1.0	0.9330599146769022
AVFS965I5T9LU	1.0	0.936748126628493
AVG2FYWAXAAAY	1.0	0.9715596178148268
AVG4PZRPI0JGZ	1.0	0.4062656400153448
AVGDTXPCPJMEK	1.0	0.9610843780380989
AVH5I2EQV6TH2	1.0	0.8184825431916651
AVIEH6EDKUO7K	1.0	0.885828486256486
AVJ3BW8D0P3P7	1.0	0.8818667306073282
AVJZNPBQYC4PL	1.0	0.728991208698277
AVK12IGNSH3XE	1.0	0.5865122053393803
AVK1V3RIBXLKW	1.0	0.8282110849880953
AVKFDPLMVNDLT	1.0	0.9513126960981914
AVKHYC2D7MD56	1.0	0.8241598451789787
AVKYFZ2D6P5PK	1.0	0.7393832679017699
AVL5UOMC6OFR5	1.0	0.674170104960333
AVL6AOUBYQ117	1.0	0.6275791279357916
AVLMMJCEZD59N	1.0	0.974114631031491
AVLSVMBRYFGHF	1.0	0.7597518765724817
AVM748ITITQJ3	1.0	0.9762805474856849
AVMCB55O45ASJ	1.0	0.9183260290594626
AVMCHMM1ES665	1.0	0.8848643715131776
AVMEEY4UR2JLA	1.0	0.970450140947296
AVMK9WAETOX31	1.0	0.8917115876602628
AVMLQ2KFCNJL8	1.0	0.8189794363026501
AVMYQ88R6ESPW	1.0	0.9091487156876691
AVNA7I8N5M1EV	1.0	0.8174604932893711
AVNE0CY9CIME6	1.0	0.9148606955530976
AVO44LAUWQEZZ	1.0	0.6488051664168007
AVOF6K765DBCC	1.0	0.8576265065488085
AVP1NL6GYMVR	1.0	0.7432241233489635
AVPJ9VXKGL4L2	1.0	0.9164541373733021
AVPZEBTWAM0P3	1.0	0.66100949114958
AVQ8K16S367DC	1.0	0.9683740633142466
AVQHN4G06F4Q1	1.0	0.9233792932312036
AVQYLJ1DWAZZV	1.0	0.8702386839168594
AVR7IAWO7Z0VQ	1.0	0.9667978366147869
AVRD4NZFOC2G1	1.0	0.8793073577608422
AVREVKY6XL0F1	1.0	0.6296045234528729
AVRMPKGMJ2U92	1.0	0.4047752406464782
AVRYF6LXNPOJV	1.0	0.9582337091478572
AVS9QY03AQA75	1.0	0.9001165307884784
AVTOTG79YXST1	1.0	0.9323599386754882
AVTQB8FI2KW8Q	1.0	0.8309072268721708
AVTY49Z9Q7DED	1.0	0.837440038959659
AVU6F2OF3YUJT	1.0	0.9087205754366006
AVUF7Z4X0VDLM	1.0	0.8822191533518959
AVUIBKLWJNH58	1.0	0.6878835774004678
AVUIE4Z8JHXWT	1.0	0.8679921351459476
AVUM6MPYOAC4C	1.0	0.8780426998280484
AVUODZZZB0O6C	1.0	0.6339078959340568
AVV5JGLBZERCM	1.0	0.9695283593956688
AVVE8L6Q5O04G	1.0	0.9162931143128006
AVVG7EK0PXSLV	1.0	0.6046225080955059
AVVXMDSZHUUHW	1.0	0.8966271013699701
AVWI4AW5N43IG	1.0	0.7980151166573185
AVWL0QJC0HMTW	1.0	0.8072208326344538
AVWRL60HQU4K8	1.0	0.9363695358058244
AVX1C6H86OLQT	1.0	0.7943680778165677
AVYHWCIW5LNAX	1.0	0.9118026632579496
AVYO0TDE30RHH	1.0	0.8971334108039747
AVZ43OJVZ4UAT	1.0	0.8362957798909829
AVZHQC4372F2J	1.0	0.6960320591287344
AW05EYPWPLMPG	1.0	0.9697864206800508
AW0JMIJ9A8R7A	1.0	0.9547823130955085
AW160OZM5WEPL	1.0	0.8120089499503585
AW1IPFZT272EW	1.0	0.8942859865349262
AW1UB491C783T	1.0	0.9255945790542376
AW303K0HS01DA	1.0	0.8700092641810505
AW361HV845FTA	1.0	0.9792691315509487
AW37PAJTU9OCJ	1.0	0.7439434805860438
AW3HTRYYVR3HB	1.0	0.7857977110969975
AW3JDMGTROWO	1.0	0.5662807566597948
AW3RHA4B1LHOE	1.0	0.8689852126297152
AW6N7R7OTHWIQ	1.0	0.9114940476062048
AW6V1HDX52G60	1.0	0.7196745654227286
AW6WK8Q7UHAE6	1.0	0.7619302064321801
AW73U61F5S0W4	1.0	0.850402841060871
AW77N1LUU8I52	1.0	0.6064672726030258
AW7AZ7ZDRG9P0	1.0	0.9109661816720278
AW7GPL4N7J90C	1.0	0.6990476058968195
AW7JSI0YNMD7Q	1.0	0.9644208212285273
AW7LO04OY528D	1.0	0.9522339146534743
AW7OT2PNXDRKK	1.0	0.9580736883555829
AW88HMROMQBP1	1.0	0.866863607791837
AW8G5VS3T7IB3	1.0	0.9715212683551786
AW8JLAIVIKMK4	1.0	0.8224011573182751
AW8S3D5Q1EPKZ	1.0	0.6216790041181406
AW8ZAYA2WTOUK	1.0	0.8924870256729224
AW93QPLG23B98	1.0	0.7240239373469436
AW93ZLYIHF4WY	1.0	0.7819295353641308
AW9DBZ8CX8637	1.0	0.9840421056973652
AW9JCRGTUVD26	1.0	0.9386371572305341
AW9JNF58E667M	1.0	0.9871756157223872
AW9LBAXZ9VZ5F	1.0	0.8477236887172234
AW9U0ST9IR7W2	1.0	0.8820971202181457
AW9USNBCXK48B	1.0	0.921183208677628
AWA67BYRKVMAC	1.0	0.6862663790614469
AWA7GZBUHY0X	1.0	0.8265303982478451
AWA962Q6F49N4	1.0	0.811892044317513
AWAFIR8NFIMSQ	1.0	0.7772732467384291
AWAFSYBKPTZI4	1.0	0.854198160043647
AWAK01AFK34BG	1.0	0.9278346726698696
AWATHBEA7DWBS	1.0	0.7633511805524275
AWC3FNYC5LDBZ	1.0	0.9553858097029783
AWC8Q06LSXJS2	1.0	0.9521696468629274
AWCU5FY9CQYD	1.0	0.973481601481388
AWD15KZ6MYYXH	1.0	0.6481674442554891
AWD6SR6I52C5C	1.0	0.755137775120359
AWD875WG6S6D8	1.0	0.7755586574233989
AWD921AR8TLJ9	1.0	0.9658212520544376
AWDK5ZS6OBZ1J	1.0	0.9123478461054162
AWDL7GR4J0OLP	1.0	0.9733865734243189
AWDV9SO13LN8M	1.0	0.7292853286826187
AWF6D0XQXIJCA	1.0	0.94921974392784
AWFOC6DI7VXLU	1.0	0.9314173013236844
AWFQW9GN540IG	1.0	0.8890286718835638
AWFWUPMVRZSPR	1.0	0.5209204114203273
AWG2O9C42XW5G	1.0	0.9090237972259497
AWG54PICTE0MV	1.0	0.9617411163683547
AWGR8S179B93O	1.0	0.325783037644883
AWHG5OYP0E1YX	1.0	0.9318263481445884
AWHKRN47YY7G5	1.0	0.8673621258070524
AWHMMPZBHNLTO	1.0	0.9299572557265235
AWHT5N4K4HFO8	1.0	0.9766336368271359
AWIGS50MFK5RW	1.0	0.8640290120386599
AWIH92THBUQGE	1.0	0.9313997562763414
AWIKP78E37OV7	1.0	0.8857315559755237
AWJ6HJBS58E7F	1.0	0.4057281418528358
AWJ7IFQ2YH0JU	1.0	0.8682759651576412
AWJELFDN25QXC	1.0	0.9371401111194249
AWJKHJNY4AW13	1.0	0.7338378543503666
AWK5NF8B04Y02	1.0	0.97373966276577
AWKOKHQ4KOO75	1.0	0.5524668912071423
AWL7TIVUZUHHS	1.0	0.9241129623586759
AWLCV9A4LY4SR	1.0	0.9580736883555829
AWLJY8AWKZQSX	1.0	0.8331992540382053
AWMEFRTTVIBYT	1.0	0.6814118680256119
AWMLV7I2E49RM	1.0	0.8469717921757629
AWMORCDEUIBFO	1.0	0.8099624840528966
AWNVGGJEL9NZP	1.0	0.717642098998346
AWOGSHPEL5CDE	1.0	0.9802337895714041
AWPCLP9UHQ32N	1.0	0.8128954225004196
AWPH0K7RIEZIC	1.0	0.9507594344705959
AWPODHOB4GFWL	1.0	0.9457756746068029
AWPQHZOX2QRC	1.0	0.9320194465301143
AWPT20KU9H1DO	1.0	0.3805308709228055
AWQ0342H9RASL	1.0	0.950565103665356
AWQMLYKJKB04P	1.0	0.8577492135133649
AWQN8A6T09FLH	1.0	0.9340442902715483
AWR9S8E8JFIP8	1.0	0.701127463762261
AWRPCYI3VG9BB	1.0	0.8918788837704004
AWS3ZNOPCH244	1.0	0.5332267187392652
AWSNP0YZGYMH5	1.0	0.7581541058360357
AWSYTZ2I2MW0V	1.0	0.8401592872125303
AWT47AHGC2WFB	1.0	0.9250772946925164
AWTHFDSFA9WR9	1.0	0.9262471392088532
AWTSMRMO3QGE	1.0	0.7320926213922964
AWTX4NWGV8LTH	1.0	0.9710956617084456
AWU0OT2WFNZOE	1.0	0.9812221000928338
AWUWDX29AYLQN	1.0	0.7402922109207088
AWV47OR37PWR8	1.0	0.9841870316571233
AWV7Z0K99EGBE	1.0	0.8566615649820529
AWVM1UHDZIPWB	1.0	0.548497447484206
AWW7N5XHHY58V	1.0	0.8960904478741113
AWWLM620NDYV5	1.0	0.9615268471671614
AWWVLMTLV76T7	1.0	0.7601820026139576
AWX96NY4MGJX2	1.0	0.4440880679944839
AWXHZYRFXSHHM	1.0	0.9723273053999657
AWXPGG19ZR7P9	1.0	0.921681552205731
AWXQ5QXBKXU7F	1.0	0.8849018427309191
AWXTOLU2K2PH4	1.0	0.8057214820507022
AWZXAZDKE1JCC	1.0	0.9715062922802642
AX0GV57BQ3T4H	1.0	0.9284489690940412
AX0K36MSQ42WH	1.0	0.8221041061426367
AX0SU4B0UV35F	1.0	0.48002655736799926
AX0U6LAOO6EIG	1.0	0.9514325676172591
AX1B7XK3OONLW	1.0	0.8547776757195529
AX1IRRBP133X4	1.0	0.027197791205087828
AX1JBP18RX6WW	1.0	0.8678716403425885
AX274SYQ7GPSQ	1.0	0.9368334528229615
AX2HNQO24BOXL	1.0	0.9665848039509374
AX2MZF9A6TP9S	1.0	0.8687111197762594
AX2VYOXQR4POP	1.0	0.8963138564212538
AX35AV9KLQPWW	1.0	0.7579965069434906
AX39JPPN4901	1.0	0.9831987211356935
AX3A22D274GLE	1.0	0.7710192316810699
AX3U85FYC7LRB	1.0	0.8892776904765302
AX3WJZLFQQRCT	1.0	0.9460383488019236
AX3X7MU6CY5GY	1.0	0.9507718356080607
AX4V89QXTWNMK	1.0	0.8570159645974357
AX5QSURBETCMH	1.0	0.8624685957662527
AX60513QY2BO7	1.0	0.8522574447647455
AX63QEFAEBT4P	1.0	0.9171940149226209
AX6P637WVG6IA	1.0	0.47841072662749246
AX7SWKAAEF8PN	1.0	0.9124706590190128
AX82FCGES8102	1.0	0.9377465586661856
AX9KQ5QFGFYVR	1.0	0.9478456733048873
AXA2ZO7Q33VCO	1.0	0.866631854939285
AXAG6E3KK0QVF	1.0	0.891884859911389
AXAPXI57N3LE7	1.0	0.9792691315509487
AXB5TY20YJAB2	1.0	0.774139552660558
AXB60JZF85ONA	1.0	0.46250407109627867
AXBALF4WO34AN	1.0	0.5502814683919742
AXBCHD4VWC1BS	1.0	0.7869254471854861
AXCE4WRBKMLY0	1.0	0.8571572009500655
AXCSIM0GF4NQ0	1.0	0.6519216014844187
AXCWQQ1S8D420	1.0	0.90434675193008
AXD7BCZ4VUMR1	1.0	0.8674566905919815
AXDP15EAQM8K4	1.0	0.87658750453117
AXDVVI6FHUM0J	1.0	0.3025913081586502
AXDZAA1OP9668	1.0	0.9497617309139017
AXEATX60T13HK	1.0	0.6183331077592983
AXERX09XAZOYO	1.0	0.8235964142078541
AXFA707J90T3K	1.0	0.9202543302768545
AXFI7TAWD6H6X	1.0	0.8265418127484697
AXFMUQM9B2HTR	1.0	0.7130119143667308
AXFNC11IE5NYW	1.0	0.7266480861522715
AXFRW3QUQ0G6Q	1.0	0.9335412784628886
AXFX1VBQZB6RV	1.0	0.8941832130504203
AXG287OY16WWL	1.0	0.812034178510032
AXG5I4CK8OQ2F	1.0	0.6587736034504992
AXGJ57U8E9CUB	1.0	0.46331437577827533
AXGOOS5BWDU7Y	1.0	0.9334343851706742
AXHGONRWPVY2M	1.0	0.9308204356765295
AXI9CMCBP9FCD	1.0	0.9041575319222843
AXIK44R1SBLZW	1.0	0.9383237230515269
AXJ6MVJU8UE7R	1.0	0.9311532296614926
AXJLB737W22UV	1.0	0.9371401111194249
AXJOS7A4Z9RWL	1.0	0.8683923177339387
AXK3KYH8NQ9G2	1.0	0.8509892125167879
AXK5F41RACNO2	1.0	0.63371386668301
AXLAHBALBWZCG	1.0	0.8649354084497567
AXLD8ZXC8EHBB	1.0	0.9218338460809807
AXLH9WIEQU8G	1.0	0.675012566164922
AXLKY5DO95QYG	1.0	0.8863442900355735
AXLOKQ6ETC8NA	1.0	0.9310056251794647
AXLSIYMT9XL7J	1.0	0.829733552995045
AXLWYRXQE0FJU	1.0	0.8356429311381218
AXMY9GFLR6U8H	1.0	0.8445949295625839
AXN2IO1UBOF6A	1.0	0.9433004898227708
AXN5O0VO8GIV2	1.0	0.689931593270103
AXND5887INISD	1.0	0.7618778476255531
AXNJY4K06QFWG	1.0	0.8595502064205431
AXNMAV6G7YEG6	1.0	0.7625828969585736
AXO3TRL4QJ0NX	1.0	0.9662081468600526
AXO4PQU0XG3TG	1.0	0.936670745723967
AXO6DRK42CA31	1.0	0.9884933630842935
AXOO7BPM22BDO	1.0	0.8124243479056945
AXOP88PUV0VD1	1.0	0.7793946405864918
AXP132UM0B473	1.0	0.7874243973073434
AXPAIEE0732A9	1.0	0.7914549149050731
AXPNF0F04FDPN	1.0	0.6046676573400744
AXPTN7BWTQK59	1.0	0.9209351582856163
AXQ7YG08C5I0E	1.0	0.6860543029452948
AXQ89O6YRT7AX	1.0	0.9301847404931014
AXQVMKCBHBJJ2	1.0	0.8815735952230451
AXSEGAZNMMYA1	1.0	0.7755960439532829
AXT1UGBASVGYN	1.0	0.9572194476477045
AXTLBBDO4WQ1S	1.0	0.7313734644456791
AXTO23M29DQX0	1.0	0.9323512909501864
AXV7B79LNEUKW	1.0	0.799006353385569
AXV8KF153WCCF	1.0	0.6146720474686066
AXVPKMCUEIZUQ	1.0	0.7569469165145588
AXVZC00WXZP0U	1.0	0.9701613889457719
AXW082NDRMZ3F	1.0	0.9683552575219762
AXW0QA7B9BLIY	1.0	0.563163805305598
AXW4K2INZUHGJ	1.0	0.674490849014928
AXX1R3B8LRTCS	1.0	0.9558188968639938
AXX7FIK2ACG1K	1.0	0.769120762501205
AXY4A0SB457A	1.0	0.9588580688357334
AXYHN7EAAVIVV	1.0	0.827684071559354
AXYN6499TOW82	1.0	0.8982749737956545
AXYREDPYD0LQ9	1.0	0.7604536010367836
AXYU7X8ZIUTQW	1.0	0.825660197661584
AXZAIFSUJX9H7	1.0	0.956514337057089
AXZZ2E0WERQYM	1.0	0.8615797486345276
AY0QXNZ5IHIIO	1.0	0.3160334452261508
AY0W4SGN22DP8	1.0	0.8866437858030894
AY18E24VXG8FT	1.0	0.8993582197269893
AY1P2SSQQGZBJ	1.0	0.9201597202729567
AY1PQIT8STNIU	1.0	0.7636641758899686
AY25UK7W4GVBN	1.0	0.9616214571710592
AY2MU7A52RHSY	1.0	0.5595851812867896
AY2QGTN421KDQ	1.0	0.8989652584225486
AY2UIGHCB4VPB	1.0	0.8736942251772437
AY30R8A0C31SN	1.0	0.6507344824577114
AY3CGOSJ8Q2FG	1.0	0.8524242759781625
AY3PED7KC8W95	1.0	0.9262728012450345
AY3UHKJJR5Q59	1.0	0.9299009104814079
AY475V5BQMSNQ	1.0	0.9531729860135592
AY49INQHN9EHW	1.0	0.7924197506354054
AY5Q49L2XIAKB	1.0	0.5457331661156851
AY65VDY2QHUL3	1.0	0.7270520013535222
AY66CQ64XAW60	1.0	0.9273765107776669
AY68U1SJ0UB8B	1.0	0.6029137925252159
AY69FNNOAFSB2	1.0	0.9029716114419615
AY6MROBVEIDS8	1.0	0.6977107220701698
AY6VLDGM9D9PP	1.0	0.9654091317499571
AY79KOR67MAZ0	1.0	0.9392362370348245
AY7B4Q4R6DG7B	1.0	0.9356195992743824
AY7QNHWCDX8SW	1.0	0.7940329769291372
AY7R1DA8HK67P	1.0	0.9502580322159533
AY81OK72UYXK8	1.0	0.937769417519633
AY85JL31604YS	1.0	0.9668451416167358
AY8N0TJGMLW9E	1.0	0.913028674114178
AY8WBR45JE3RI	1.0	0.8958381019971082
AY9A07YT6KRRG	1.0	0.8736757112939673
AY9EQTG5G0PKZ	1.0	0.8156161836184194
AY9F4V8LXWG5H	1.0	0.9644208212285273
AYASBSPIZEYU7	1.0	0.8864982867551691
AYBQQ02X4GDTU	1.0	0.9542607884755602
AYBXDW4P7GKVR	1.0	0.8732022463201892
AYC88SYXOU8XB	1.0	0.835242833655595
AYCULARYVEP41	1.0	0.9445561070065163
AYCW0GBM8M15I	1.0	0.9522932060403182
AYDCJ5XNY20SI	1.0	0.8723589970131456
AYDCJHBISMT8R	1.0	0.9136261758130457
AYDMU1TNWRDA1	1.0	0.9639972883315499
AYDRX3D5C4PH5	1.0	0.9697744941401568
AYDSY15S67B6A	1.0	0.9776809783115952
AYDVDSUZSIK70	1.0	0.9207162074266082
AYEEIM47JEBIA	1.0	0.9329384632523069
AYEI4CDUKOG0C	1.0	0.9576682150853401
AYFNQIV8PRPMP	1.0	0.7397653888350566
AYFPMH7ZUQCKD	1.0	0.9782243339307395
AYGCYOI3S23G4	1.0	0.9064652879787863
AYGH0M0SATZTT	1.0	0.6980110771693827
AYGJ69VWZWS1W	1.0	0.8193962349762632
AYGP0RTENHVZO	1.0	0.4696590944751059
AYGR7KEJSB91A	1.0	0.930076852342803
AYGSUPSX8L1TR	1.0	0.8908240312250088
AYHIJ942LTGZM	1.0	0.6975327351236229
AYI1GKSTTN2FL	1.0	0.8305089910077047
AYI4N0EMLE90O	1.0	0.9637792983527778
AYIU0ZQNJK8I4	1.0	0.8801023122197089
AYJF7PMRIJJCH	1.0	0.9511422805632447
AYJGSVBJDKI5S	1.0	0.9478456733048873
AYJYNUVVMGLYM	1.0	0.8303636796555262
AYKD6J6HPZXHX	1.0	0.893262463685582
AYLIZD3OTU149	1.0	0.6333705307061264
AYLRSA8IWYHGJ	1.0	0.8819384391842187
AYM5IYPZ9P02I	1.0	0.7738555448856776
AYMEISX4F7VOP	1.0	0.7638729980080103
AYMHDYEA0N2CD	1.0	0.8664587193352633
AYMI78YEBTU1P	1.0	0.8021421735945691
AYMK0L1CBTM7V	1.0	0.9101015418988903
AYMR6LUUGSB67	1.0	0.7024479543530009
AYN0075O6VW0W	1.0	0.9677978730972973
AYN5QLPU7Y83Z	1.0	0.9021420649182534
AYN6X85Y7WOZJ	1.0	0.44885916174127244
AYNYTZL5RFQJR	1.0	0.7157587565825959
AYOBDN3WZINT6	1.0	0.8092199809343603
AYOQ0NK2JT0BQ	1.0	0.6711781973443404
AYOUHQ2V3I1RZ	1.0	0.9322681166924035
AYOZHXJQ5MRD7	1.0	0.8672027376216347
AYP03ONXF5W8V	1.0	0.9242075723625737
AYP7PJ4RUB8MW	1.0	0.8074362236753779
AYPBARWXSSISN	1.0	0.8471746486760523
AYPCUQS6ARWFH	1.0	0.9577381985044304
AYPPS0BNSHNZU	1.0	0.6934700783307977
AYPU6P34IYXT	1.0	0.9658212520544376
AYQKNA51R5RIC	1.0	0.8815678251743317
AYQN8M8KGG2W7	1.0	0.9466785368447399
AYQP8XMHTG2YR	1.0	0.9114192892607966
AYQX10ZUTBZMC	1.0	0.546685073751213
AYR0049I3E5UB	1.0	0.7961529495942405
AYRFRHH0G0HOX	1.0	0.6891130252866522
AYRWXV8U8L90B	1.0	0.937217704898112
AYSK041A5VV89	1.0	0.7195641604321373
AYSLSU7966FWE	1.0	0.9610607836281512
AYSSK355MXHV0	1.0	0.9723273053999657
AYSWJDTKN5N9J	1.0	0.9193313510962422
AYTS0TU23LDAJ	1.0	0.823905040239647
AYUQ0Y2J5L9FF	1.0	0.9165595675286885
AYVS2J8LM4DYH	1.0	0.9256228516516569
AYVW0B9MXMP64	1.0	0.8342939584416984
AYW1XHCZSCAVM	1.0	0.8107385544385858
AYWQTPVYAF43L	1.0	0.878874324907707
AYWXVG2OEZLSU	1.0	0.9530788357796277
AYWZJOEBBOIPY	1.0	0.9388666626771994
AYX1DZVLYWZP7	1.0	0.9372611561892118
AYX35XVZWZDPJ	1.0	0.9180031835934008
AYXA1QO0KIXWV	1.0	0.7663642197757092
AYY2D1IU1RSSM	1.0	0.9516910469548123
AYYAKE9CE76G6	1.0	0.8960908074485441
AYYI6HYH1DQBP	1.0	0.8908604914834651
AYYYS8UKJJCL0	1.0	0.8094026736438161
AYZGBF42G0QLP	1.0	0.8500390092487675
AYZXJXW3I9CRI	1.0	0.8435983798935192
AZ0JS1K4A6YT8	1.0	0.6509008742249383
AZ0N8E7CBWA04	1.0	0.8616420640195633
AZ0SSVWBLQWLC	1.0	0.9539615257972801
AZ14WYRAE0ZLT	1.0	0.8935462936972757
AZ1ESO3H69NGR	1.0	0.024772095327545637
AZ1EW1DIRS0LK	1.0	0.9514087145374712
AZ1M71UTLQCXB	1.0	0.8269214796056533
AZ226QM4H67TF	1.0	0.4549896246950619
AZ29DR16C6P25	1.0	0.6331907763798997
AZ2SK9VFCG062	1.0	0.930253999822859
AZ30GELLTSRDV	1.0	0.9383456198700005
AZ3BUR9RQBZ0O	1.0	0.770040562023471
AZ4FKZXXNULDR	1.0	0.9350859006115553
AZ4YMV9KPWHH7	1.0	0.9338623999468477
AZ4YSO4QV2B9R	1.0	0.9191821553069673
AZ5O5JAF3CF8F	1.0	0.8767296496686504
AZ5Q2FKIMNJPY	1.0	0.9689672677995895
AZ5RWNO2SQZCI	1.0	0.5794278643019454
AZ5WZ0KJKPFLC	1.0	0.9335238165205139
AZ61VB6SPTQWJ	1.0	0.9847370914338909
AZ6QM3SWTG0UU	1.0	0.6145742831275556
AZ741XAKITJXJ	1.0	0.8590669483157302
AZ7IXJZ79RMCC	1.0	0.8343390211771476
AZ8RD1MQGE39Y	1.0	0.9390096490604526
AZ91IQUM4QQ5Y	1.0	0.8739214482044652
AZ966JAKT4GU0	1.0	0.9659660393878358
AZ9HLD5A0ZFKR	1.0	0.9139680838896624
AZ9NC91NEBZPO	1.0	0.9310939021021455
AZ9VSHFW0PK2S	1.0	0.8480925837281715
AZA13NQ5W9L85	1.0	0.9361939112674004
AZA571ZTJ2UQT	1.0	0.8975704121188748
AZADRAWWI8N6F	1.0	0.9087036473792599
AZASQF7W7QUF5	1.0	0.9287660584235552
AZAW12EWF3O6G	1.0	0.930587856168309
AZB4FEVOLI5DX	1.0	0.9911288578081063
AZBD8BN3YO7A6	1.0	0.8994045005180737
AZBMOLYU9Y8ZK	1.0	0.8502350466403563
AZBUSL3JI1T7V	1.0	0.8425325865985176
AZBYHJ2SRGYPV	1.0	0.9847370914338909
AZBYZJVNUT9GX	1.0	0.863168845043671
AZC0ZUKQYL5NF	1.0	0.8935646530666513
AZC206E69MSDS	1.0	0.8047963773323108
AZCZ5V33I94LR	1.0	0.955808480737372
AZD8SMNGQI98O	1.0	0.8714261702574567
AZDCICI4LNAIS	1.0	0.8558138336665811
AZDEDVE9GYOSJ	1.0	0.9482806725677551
AZE2DBKWYTVHF	1.0	0.8918898419212601
AZEIN3RR1ZY5C	1.0	0.5876010035838708
AZERS3MWNPUV0	1.0	0.6563871299936335
AZFQLN535W4VT	1.0	0.8321184652464
AZFY6J33QEHAC	1.0	0.9093761474532909
AZG22STYRLSYZ	1.0	0.7114492700203442
AZGDKWC9UUJWB	1.0	0.8282944083387036
AZGFIBEPXL8VT	1.0	0.8330093705455597
AZGG4812HWJMV	1.0	0.9311307476622902
AZHBFHZAEYNIF	1.0	0.8451674889952009
AZIWFJC1OGA55	1.0	0.8426678115841765
AZJ4V2EVSLG27	1.0	0.8582530876923091
AZKJBEGTZKR5K	1.0	0.913316672710628
AZKXH0J59TK11	1.0	0.9772688580071147
AZL73D7ODJAR0	1.0	0.8979525161824714
AZLNA5DTAVO38	1.0	0.40049365655118135
AZLR3AHKXOVAK	1.0	0.7630893048685425
AZLTLPGUVYRVZ	1.0	0.7108157204513591
AZLV9QDZBXTLH	1.0	0.9346548730150129
AZMI3KBZHKI2P	1.0	0.779121978031569
AZMS2N8DUWWAR	1.0	0.8445504935368696
AZMVQAY73T2CJ	1.0	0.6952055281147707
AZOBLRZZSMI0F	1.0	0.9481363408842479
AZOILH84GFKHO	1.0	0.9655209407820625
AZPQ5R8K68IHX	1.0	0.9299009104814079
AZQB328OC4HXC	1.0	0.9255253197244802
AZRBA81ZG2PER	1.0	0.9159297641493311
AZRE1QEH7Y25C	1.0	0.7072819438512737
AZRK5W6XSHMBR	1.0	0.8958321258561196
AZRL486K3PZTI	1.0	0.9540510496740489
AZRLG90UYXB2R	1.0	0.8588050820092231
AZRPAHQG1VHR0	1.0	0.6868350538621205
AZRPGTU8A7KD5	1.0	0.8563216288965858
AZS5XDHBR1O6	1.0	0.8540270940040287
AZSKT8U6Z6RE4	1.0	0.9163010881911353
AZSMWVBYUGMLS	1.0	0.9328894945466717
AZSN1TO0JI87B	1.0	0.9093943442716076
AZSPC1E495IBA	1.0	0.766251139769074
AZT0BQ07D0WL3	1.0	0.9662081468600526
AZT0ERUNZQ2K0	1.0	0.9174239107347835
AZTB5M4WRKJZ0	1.0	0.8485097547290452
AZTFNQH1AJD9R	1.0	0.7468937063272453
AZTXN1XYU68WI	1.0	0.49058784378285225
AZU1FF60BCYU4	1.0	0.790091789241651
AZU6JEQUR7DW8	1.0	0.6366215669304638
AZU93WHAJTE01	1.0	0.9566500951439261
AZUNMZASVESI0	1.0	0.9253303949062219
AZV2BKOD0ER8T	1.0	0.9037070899763188
AZVAYRBOTPET7	1.0	0.9391367283847828
AZVNV38G3FHUJ	1.0	0.8841025507962754
AZWGNYTKSK9JS	1.0	0.5411803331705819
AZWRPMALY1JOJ	1.0	0.9468185935223415
AZWULMAOSR7IR	1.0	0.8724309188085488
AZX4W3CS3CB23	1.0	0.8666982524583772
AZX7GXLU4FLAI	1.0	0.8888726509271131
AZXWUZ9PPSOTL	1.0	0.8756464323657759
AZY0M1ANDSEPL	1.0	0.8197541267375514
AZYPOLLSDVG4K	1.0	0.7143606123113161
AZZHILYMITLGM	1.0	0.5759574141890211
